0.0565685 0 0 0
0.113137 0 0 0
0.169706 0 0 0
0.226274 0 0 0
0.282843 0 0 0
0.339411 0 0 0
0.39598 0 0 0
0.452548 0 0 0
0.509117 0 0 0
0.565685 0 0 0
0.622254 0 0 0
0.678823 0 0 0
0.735391 0 0 0
0.79196 0 0 0
0.848528 0 0 0
0.905097 0 0 0
0.961665 0 0 0
1.01823 0 0 0
1.0748 0 0 0
1.13137 0 0 0
1.18794 0 0 0
1.24451 0 0 0
1.30108 0 0 0
1.35765 0 0 0
1.41421 0 0 0
1.47078 0 0 0
1.52735 0 0 0
1.58392 0 0 0
1.64049 0 0 0
1.69706 0 0 0
1.75362 0 0 0
1.81019 0 0 0
1.86676 0 0 0
1.92333 0 0 0
1.9799 0 0 0
2.03647 0 0 0
2.09304 0 0 0
2.1496 0 0 0
2.20617 0 0 0
2.26274 0 0 0
2.31931 0 0 0
2.37588 0 0 0
2.43245 0 0 0
2.48902 0 0 0
2.54558 0 0 0
2.60215 0 0 0
2.65872 0 0 0
2.71529 0 0 0
2.77186 0 0 0
2.82843 0 0 0
2.885 0 0 0
2.94156 0 0 0
2.99813 0 0 0
3.0547 0 0 0
3.11127 0 0 0
3.16784 0 0 0
3.22441 0 0 0
3.28098 0 0 0
3.33754 0 0 0
3.39411 0 0 0
3.45068 0 0 0
3.50725 0 0 0
3.56382 0 0 0
3.62039 0 0 0
3.67696 0 0 0
3.73352 0 0 0
3.79009 0 0 0
3.84666 0 0 0
3.90323 0 0 0
3.9598 0 0 0
4.01637 0 0 0
4.07294 0 0 0
4.1295 0 0 0
4.18607 -7.66867e-06 -7.70207e-06 -3.78855e-06
4.24264 -7.6983e-06 -7.7035e-06 -3.74334e-06
4.29921 -7.72792e-06 -7.70492e-06 -3.69813e-06
4.35578 -7.75754e-06 -7.70635e-06 -3.65292e-06
4.41235 -7.78716e-06 -7.70778e-06 -3.6077e-06
4.46891 -7.81678e-06 -7.7092e-06 -3.56249e-06
4.52548 -7.84641e-06 -7.71063e-06 -3.51728e-06
4.58205 -7.87603e-06 -7.71205e-06 -3.47207e-06
4.63862 -7.90498e-06 -7.73865e-06 -3.44008e-06
4.69519 -7.93347e-06 -7.78301e-06 -3.41743e-06
4.75176 -7.96196e-06 -7.82737e-06 -3.39478e-06
4.80833 -7.99044e-06 -7.87173e-06 -3.37214e-06
4.86489 -8.01893e-06 -7.91609e-06 -3.34949e-06
4.92146 -8.04742e-06 -7.96045e-06 -3.32684e-06
4.97803 -8.0759e-06 -8.00481e-06 -3.30419e-06
5.0346 -8.10439e-06 -8.04917e-06 -3.28155e-06
5.09117 -8.13288e-06 -8.09353e-06 -3.2589e-06
5.14774 -8.16136e-06 -8.13789e-06 -3.23625e-06
5.20431 -8.18985e-06 -8.18225e-06 -3.2136e-06
5.26087 -8.21834e-06 -8.22661e-06 -3.19095e-06
5.31744 -8.24682e-06 -8.27097e-06 -3.16831e-06
5.37401 -8.27531e-06 -8.31533e-06 -3.14566e-06
5.43058 -8.3038e-06 -8.35969e-06 -3.12301e-06
5.48715 -8.33228e-06 -8.40405e-06 -3.10036e-06
5.54372 -8.36077e-06 -8.44842e-06 -3.07772e-06
5.60029 -8.38926e-06 -8.49278e-06 -3.05507e-06
5.65685 -8.41774e-06 -8.53714e-06 -3.03242e-06
5.71342 -8.44623e-06 -8.5815e-06 -3.00977e-06
5.76999 -8.47472e-06 -8.62586e-06 -2.98712e-06
5.82656 -8.35313e-06 -8.50844e-06 -3.00915e-06
5.88313 -8.21444e-06 -8.37259e-06 -3.03627e-06
5.9397 -8.07575e-06 -8.23673e-06 -3.06338e-06
5.99627 -7.93706e-06 -8.10088e-06 -3.0905e-06
6.05283 -7.79837e-06 -7.96502e-06 -3.11762e-06
6.1094 -7.65968e-06 -7.82917e-06 -3.14474e-06
6.16597 -7.52099e-06 -7.69331e-06 -3.17185e-06
6.22254 -7.3823e-06 -7.55746e-06 -3.19897e-06
6.27911 -7.24361e-06 -7.4216e-06 -3.22609e-06
6.33568 -7.10492e-06 -7.28575e-06 -3.25321e-06
6.39225 -6.96622e-06 -7.14989e-06 -3.28033e-06
6.44881 -6.82753e-06 -7.01404e-06 -3.30744e-06
6.50538 -6.68884e-06 -6.87818e-06 -3.33456e-06
6.56195 -6.55015e-06 -6.74233e-06 -3.36168e-06
6.61852 -6.41146e-06 -6.60647e-06 -3.3888e-06
6.67509 -6.27277e-06 -6.47062e-06 -3.41591e-06
6.73166 -6.13408e-06 -6.33476e-06 -3.44303e-06
6.78823 -5.99539e-06 -6.19891e-06 -3.47015e-06
6.84479 -5.8567e-06 -6.06305e-06 -3.49727e-06
6.90136 -5.71801e-06 -5.9272e-06 -3.52439e-06
6.95793 -5.57932e-06 -5.79134e-06 -3.5515e-06
7.0145 -5.44062e-06 -5.65549e-06 -3.57862e-06
7.07107 -5.30549e-06 -5.52039e-06 -3.61236e-06
7.12764 -5.19795e-06 -5.3912e-06 -3.69743e-06
7.1842 -5.09041e-06 -5.26201e-06 -3.7825e-06
7.24077 -4.98287e-06 -5.13282e-06 -3.86757e-06
7.29734 -4.87533e-06 -5.00362e-06 -3.95265e-06
7.35391 -4.7678e-06 -4.87443e-06 -4.03772e-06
7.41048 -4.66026e-06 -4.74524e-06 -4.12279e-06
7.46705 -4.24231e-06 -4.24644e-06 -4.42743e-06
7.52362 -3.79854e-06 -3.7169e-06 -4.75033e-06
7.58018 -3.35477e-06 -3.18736e-06 -5.07323e-06
7.63675 -2.91101e-06 -2.65782e-06 -5.39613e-06
7.69332 -2.46724e-06 -2.12828e-06 -5.71903e-06
7.74989 -2.02347e-06 -1.59874e-06 -6.04193e-06
7.80646 -1.57971e-06 -1.0692e-06 -6.36483e-06
7.86303 -1.13614e-06 -5.86942e-07 -6.67933e-06
7.9196 -6.93119e-07 -2.33426e-07 -6.97097e-06
7.97616 -2.501e-07 1.20091e-07 -7.2626e-06
8.03273 1.9292e-07 4.73607e-07 -7.55424e-06
8.0893 6.35939e-07 8.27123e-07 -7.84587e-06
8.14587 1.07896e-06 1.18064e-06 -8.13751e-06
8.20244 1.52198e-06 1.53416e-06 -8.42914e-06
8.25901 1.965e-06 1.88767e-06 -8.72078e-06
8.31558 2.40802e-06 2.24119e-06 -9.01241e-06
8.37214 2.85104e-06 2.5947e-06 -9.30404e-06
8.42871 3.29406e-06 2.94822e-06 -9.59568e-06
8.48528 3.73707e-06 3.30174e-06 -9.88731e-06
8.54185 4.18009e-06 3.65525e-06 -1.01789e-05
8.59842 4.62311e-06 4.00877e-06 -1.04706e-05
8.65499 5.06613e-06 4.36229e-06 -1.07622e-05
8.71156 5.50915e-06 4.7158e-06 -1.10539e-05
8.76812 5.95217e-06 5.06932e-06 -1.13455e-05
8.82469 6.39519e-06 5.42284e-06 -1.16371e-05
8.88126 6.88649e-06 5.84625e-06 -1.19633e-05
8.93783 7.78529e-06 6.85965e-06 -1.25813e-05
8.9944 8.6841e-06 7.87306e-06 -1.31993e-05
9.05097 9.5829e-06 8.88646e-06 -1.38173e-05
9.10754 1.04817e-05 9.89986e-06 -1.44353e-05
9.1641 1.13805e-05 1.09133e-05 -1.50533e-05
9.22067 1.22793e-05 1.19267e-05 -1.56713e-05
9.27724 1.31781e-05 1.29401e-05 -1.62893e-05
9.33381 1.40769e-05 1.39535e-05 -1.69073e-05
9.39038 1.49757e-05 1.49669e-05 -1.75253e-05
9.44695 1.58745e-05 1.59803e-05 -1.81433e-05
9.50352 1.67733e-05 1.69937e-05 -1.87613e-05
9.56008 1.76701e-05 1.79967e-05 -1.93824e-05
9.61665 1.84769e-05 1.85486e-05 -2.01383e-05
9.67322 1.92838e-05 1.91006e-05 -2.08943e-05
9.72979 2.00907e-05 1.96525e-05 -2.16503e-05
9.78636 2.08976e-05 2.02044e-05 -2.24062e-05
9.84293 2.17044e-05 2.07563e-05 -2.31622e-05
9.89949 2.25113e-05 2.13082e-05 -2.39181e-05
9.95606 2.33182e-05 2.18601e-05 -2.46741e-05
10.0126 2.50498e-05 2.44045e-05 -2.60222e-05
10.0692 2.68802e-05 2.71615e-05 -2.74334e-05
10.1258 2.87106e-05 2.99185e-05 -2.88447e-05
10.1823 3.05409e-05 3.26754e-05 -3.0256e-05
10.2389 3.23712e-05 3.47279e-05 -3.19772e-05
10.2955 3.42014e-05 3.65202e-05 -3.38129e-05
10.352 3.60315e-05 3.83125e-05 -3.56487e-05
10.4086 3.78617e-05 4.01047e-05 -3.74844e-05
10.4652 3.96919e-05 4.1897e-05 -3.93202e-05
10.5217 4.15221e-05 4.36892e-05 -4.1156e-05
10.5783 4.33523e-05 4.54815e-05 -4.29917e-05
10.6349 4.51825e-05 4.72737e-05 -4.48275e-05
10.6915 4.70127e-05 4.9066e-05 -4.66632e-05
10.748 4.89425e-05 5.09503e-05 -4.84975e-05
10.8046 5.32201e-05 5.50066e-05 -5.02985e-05
10.8612 5.74978e-05 5.90629e-05 -5.20994e-05
10.9177 6.17754e-05 6.31192e-05 -5.39003e-05
10.9743 6.60531e-05 6.71755e-05 -5.57012e-05
11.0309 7.03307e-05 7.12318e-05 -5.75021e-05
11.0874 7.46084e-05 7.52881e-05 -5.9303e-05
11.144 7.88861e-05 7.93443e-05 -6.1104e-05
11.2006 8.31637e-05 8.34006e-05 -6.29049e-05
11.2571 8.63516e-05 8.61519e-05 -6.62733e-05
11.3137 9.03732e-05 9.16098e-05 -7.01748e-05
11.3703 9.53103e-05 9.98112e-05 -7.443e-05
11.4268 0.000100706 0.000105258 -7.98055e-05
11.4834 0.000106125 0.000110567 -8.5237e-05
11.54 0.000111544 0.000115876 -9.06685e-05
11.5966 0.000116962 0.000121186 -9.61e-05
11.6531 0.000122381 0.000126495 -0.000101532
11.7097 0.0001278 0.000131804 -0.000106963
11.7663 0.000133219 0.000137113 -0.000112395
11.8228 0.000140286 0.000145148 -0.000118362
11.8794 0.000149584 0.000156873 -0.000125054
11.936 0.000158882 0.000168597 -0.000131746
11.9925 0.00016818 0.000180322 -0.000138438
12.0491 0.000177479 0.000192046 -0.000145131
12.1057 0.000186777 0.000203771 -0.000151823
12.1622 0.000196075 0.000215496 -0.000158515
12.2188 0.000211152 0.000229417 -0.000170473
12.2754 0.000232417 0.000245863 -0.000189088
12.3319 0.000253681 0.000262309 -0.000207703
12.3885 0.000274945 0.000278755 -0.000226318
12.4451 0.00029621 0.000295201 -0.000244933
12.5016 0.000317474 0.000311646 -0.000263548
12.5582 0.000346118 0.000344283 -0.000284015
12.6148 0.00037806 0.000384156 -0.000305311
12.6714 0.000410002 0.00042403 -0.000326606
12.7279 0.000441944 0.000463903 -0.000347901
12.7845 0.000488269 0.000503926 -0.000386866
12.8411 0.000559396 0.000562754 -0.000435193
12.8976 0.000625695 0.000616426 -0.000491639
12.9542 0.000690621 0.000668631 -0.000550394
13.0108 0.000769012 0.000746819 -0.000617283
13.0673 0.00086431 0.000857631 -0.000694385
13.1239 0.000978324 0.000984168 -0.000814037
13.1805 0.00113419 0.00112414 -0.000960124
13.237 0.00132136 0.00127397 -0.00112539
13.2936 0.00155205 0.00150835 -0.00135908
13.3502 0.00187166 0.00187227 -0.00172197
13.4067 0.00227858 0.00235157 -0.00222934
13.4633 0.0028348 0.00299376 -0.00300005
13.5199 0.00370474 0.00386423 -0.00439556
13.5765 0.00521857 0.00537418 -0.00713567
13.633 0.00877847 0.00848419 -0.0159585
13.6896 0 0 0
13.7462 0 0 0
13.8027 0 0 0
13.8593 0 0 0
13.9159 0 0 0
13.9724 0 0 0
14.029 0 0 0
14.0856 0 0 0
14.1421 0 0 0
14.1987 0 0 0
14.2553 0 0 0
14.3118 0 0 0
14.3684 0 0 0
14.425 0 0 0
14.4815 0 0 0
14.5381 0 0 0
14.5947 0 0 0
14.6513 0.00852243 0.00863482 -0.0160073
14.7078 0.00539196 0.00520157 -0.00728154
14.7644 0.00377438 0.0036715 -0.00432754
14.821 0.00287271 0.00282837 -0.00295133
14.8775 0.00228775 0.00228202 -0.00219904
14.9341 0.00186789 0.00184191 -0.00168768
14.9907 0.00156539 0.00158955 -0.00139003
15.0472 0.00128151 0.0013416 -0.00112945
15.1038 0.00113006 0.00116443 -0.000972215
15.1604 0.00100094 0.00100924 -0.000823921
15.2169 0.000864586 0.000842119 -0.000689268
15.2735 0.000774924 0.000772447 -0.00061383
15.3301 0.000686476 0.000694404 -0.00055152
15.3866 0.000598027 0.000616361 -0.000489211
15.4432 0.000547605 0.000565277 -0.000443224
15.4998 0.00050557 0.000520138 -0.000400837
15.5563 0.000463535 0.000475 -0.000358449
15.6129 0.000420422 0.000420496 -0.000321046
15.6695 0.000391464 0.000389804 -0.000293992
15.7261 0.000362694 0.00036186 -0.000273746
15.7826 0.000332895 0.000332751 -0.000254721
15.8392 0.000303096 0.000303641 -0.000235695
15.8958 0.000273297 0.000274532 -0.000216669
15.9523 0.000256582 0.000257828 -0.000203185
16.0089 0.000242365 0.000243493 -0.000190759
16.0655 0.000228147 0.000229157 -0.000178333
16.122 0.00021393 0.000214822 -0.000165907
16.1786 0.000199712 0.000200486 -0.00015348
16.2352 0.000185382 0.000185034 -0.000141823
16.2917 0.000171377 0.000168776 -0.000131345
16.3483 0.000164648 0.000161363 -0.000124565
16.4049 0.000156966 0.000153496 -0.000118844
16.4614 0.000148828 0.000145413 -0.000113629
16.518 0.000140691 0.00013733 -0.000108415
16.5746 0.000132553 0.000129247 -0.0001032
16.6312 0.000124415 0.000121164 -9.79849e-05
16.6877 0.000116277 0.000113081 -9.27701e-05
16.7443 0.00010814 0.000104997 -8.75552e-05
16.8009 0.000101313 9.83006e-05 -8.29494e-05
16.8574 9.72312e-05 9.45055e-05 -7.96183e-05
16.914 9.31491e-05 9.07105e-05 -7.62872e-05
16.9706 8.90671e-05 8.69154e-05 -7.29561e-05
17.0271 8.4985e-05 8.31203e-05 -6.9625e-05
17.0837 8.09029e-05 7.93252e-05 -6.62939e-05
17.1403 7.68209e-05 7.55301e-05 -6.29628e-05
17.1968 7.27388e-05 7.17351e-05 -5.96317e-05
17.2534 6.86568e-05 6.794e-05 -5.63006e-05
17.31 6.4535e-05 6.37894e-05 -5.3139e-05
17.3665 6.03716e-05 5.92672e-05 -5.01549e-05
17.4231 5.62083e-05 5.4745e-05 -4.71707e-05
17.4797 5.354e-05 5.19584e-05 -4.50421e-05
17.5362 5.17561e-05 5.01985e-05 -4.34197e-05
17.5928 4.99723e-05 4.84387e-05 -4.17973e-05
17.6494 4.79339e-05 4.64975e-05 -4.03702e-05
17.706 4.58063e-05 4.44928e-05 -3.90114e-05
17.7625 4.36788e-05 4.24881e-05 -3.76525e-05
17.8191 4.15512e-05 4.04834e-05 -3.62937e-05
17.8757 3.94237e-05 3.84787e-05 -3.49349e-05
17.9322 3.72961e-05 3.6474e-05 -3.35761e-05
17.9888 3.51686e-05 3.44693e-05 -3.22173e-05
18.0454 3.3041e-05 3.24645e-05 -3.08585e-05
18.1019 3.09135e-05 3.04598e-05 -2.94997e-05
18.1585 2.87859e-05 2.84551e-05 -2.81409e-05
18.2151 2.66584e-05 2.64504e-05 -2.67821e-05
18.2716 2.45308e-05 2.44457e-05 -2.54233e-05
18.3282 2.33601e-05 2.33298e-05 -2.45666e-05
18.3848 2.24482e-05 2.24543e-05 -2.38458e-05
18.4413 2.15363e-05 2.15789e-05 -2.3125e-05
18.4979 2.06245e-05 2.07034e-05 -2.24043e-05
18.5545 1.97126e-05 1.9828e-05 -2.16835e-05
18.6111 1.88007e-05 1.89525e-05 -2.09627e-05
18.6676 1.78888e-05 1.80771e-05 -2.02419e-05
18.7242 1.6977e-05 1.72016e-05 -1.95211e-05
18.7808 1.60651e-05 1.63261e-05 -1.88003e-05
18.8373 1.51532e-05 1.54507e-05 -1.80795e-05
18.8939 1.42414e-05 1.45752e-05 -1.73587e-05
18.9505 1.33295e-05 1.36998e-05 -1.6638e-05
19.007 1.24176e-05 1.28243e-05 -1.59172e-05
19.0636 1.15057e-05 1.19489e-05 -1.51964e-05
19.1202 1.05915e-05 1.10507e-05 -1.44865e-05
19.1767 9.66393e-06 1.00253e-05 -1.38378e-05
19.2333 8.73638e-06 8.99987e-06 -1.31891e-05
19.2899 7.80882e-06 7.97447e-06 -1.25404e-05
19.3464 6.88126e-06 6.94906e-06 -1.18917e-05
19.403 5.9537e-06 5.92366e-06 -1.1243e-05
19.4596 5.42274e-06 5.3466e-06 -1.08304e-05
19.5161 5.06572e-06 4.96617e-06 -1.05213e-05
19.5727 4.70871e-06 4.58574e-06 -1.02122e-05
19.6293 4.35169e-06 4.20532e-06 -9.90305e-06
19.6859 3.99468e-06 3.82489e-06 -9.59393e-06
19.7424 3.59154e-06 3.42488e-06 -9.33249e-06
19.799 3.16336e-06 3.01424e-06 -9.09694e-06
19.8556 2.73518e-06 2.60359e-06 -8.86138e-06
19.9121 2.307e-06 2.19295e-06 -8.62583e-06
19.9687 1.87882e-06 1.7823e-06 -8.39027e-06
20.0253 1.45064e-06 1.37166e-06 -8.15472e-06
20.0818 1.02247e-06 9.61017e-07 -7.91916e-06
20.1384 5.94287e-07 5.50373e-07 -7.68361e-06
20.195 1.66107e-07 1.39729e-07 -7.44805e-06
20.2515 -2.62072e-07 -2.70915e-07 -7.2125e-06
20.3081 -6.90251e-07 -6.81559e-07 -6.97694e-06
20.3647 -1.11843e-06 -1.0922e-06 -6.74139e-06
20.4212 -1.54661e-06 -1.50285e-06 -6.50583e-06
20.4778 -1.97479e-06 -1.91349e-06 -6.27028e-06
20.5344 -2.40297e-06 -2.32414e-06 -6.03472e-06
20.5909 -2.83115e-06 -2.73478e-06 -5.79917e-06
20.6475 -3.25933e-06 -3.14542e-06 -5.56361e-06
20.7041 -3.6875e-06 -3.55607e-06 -5.32806e-06
20.7607 -4.11568e-06 -3.96671e-06 -5.0925e-06
20.8172 -4.54386e-06 -4.37736e-06 -4.85695e-06
20.8738 -4.94012e-06 -4.75779e-06 -4.63792e-06
20.9304 -5.05373e-06 -4.87073e-06 -4.5652e-06
20.9869 -5.16735e-06 -4.98367e-06 -4.49249e-06
21.0435 -5.28097e-06 -5.09661e-06 -4.41977e-06
21.1001 -5.39458e-06 -5.20955e-06 -4.34706e-06
21.1566 -5.5082e-06 -5.32249e-06 -4.27435e-06
21.2132 -5.62182e-06 -5.43543e-06 -4.20163e-06
21.2698 -5.73543e-06 -5.54838e-06 -4.12892e-06
21.3263 -5.84905e-06 -5.66132e-06 -4.0562e-06
21.3829 -5.96267e-06 -5.77426e-06 -3.98349e-06
21.4395 -6.07628e-06 -5.8872e-06 -3.91077e-06
21.496 -6.1899e-06 -6.00014e-06 -3.83806e-06
21.5526 -6.30351e-06 -6.11308e-06 -3.76534e-06
21.6092 -6.41713e-06 -6.22603e-06 -3.69263e-06
21.6658 -6.53075e-06 -6.33897e-06 -3.61991e-06
21.7223 -6.64436e-06 -6.45191e-06 -3.5472e-06
21.7789 -6.75798e-06 -6.56485e-06 -3.47448e-06
21.8355 -6.8716e-06 -6.67779e-06 -3.40177e-06
21.892 -6.98521e-06 -6.79073e-06 -3.32905e-06
21.9486 -7.09883e-06 -6.90367e-06 -3.25634e-06
22.0052 -7.21245e-06 -7.01662e-06 -3.18362e-06
22.0617 -7.32895e-06 -7.14031e-06 -3.11963e-06
22.1183 -7.45234e-06 -7.28973e-06 -3.07648e-06
22.1749 -7.57574e-06 -7.43915e-06 -3.03334e-06
22.2314 -7.69914e-06 -7.58857e-06 -2.99019e-06
22.288 -7.82253e-06 -7.73799e-06 -2.94705e-06
22.3446 -7.94593e-06 -7.88741e-06 -2.90391e-06
22.4011 -8.06933e-06 -8.03683e-06 -2.86076e-06
22.4577 -8.19272e-06 -8.18625e-06 -2.81762e-06
22.5143 -8.31612e-06 -8.33567e-06 -2.77448e-06
22.5708 -8.28551e-06 -8.32399e-06 -2.78588e-06
22.6274 -8.23893e-06 -8.2956e-06 -2.80295e-06
22.684 -8.19235e-06 -8.2672e-06 -2.82002e-06
22.7406 -8.14577e-06 -8.23881e-06 -2.83709e-06
22.7971 -8.09918e-06 -8.21042e-06 -2.85416e-06
22.8537 -8.0526e-06 -8.18203e-06 -2.87123e-06
22.9103 -8.02996e-06 -8.15883e-06 -2.90676e-06
22.9668 -8.02296e-06 -8.13902e-06 -2.95433e-06
23.0234 -8.01595e-06 -8.11922e-06 -3.00191e-06
23.08 -8.00895e-06 -8.09941e-06 -3.04949e-06
23.1365 -8.00194e-06 -8.0796e-06 -3.09707e-06
23.1931 -7.99494e-06 -8.0598e-06 -3.14464e-06
23.2497 -7.98793e-06 -8.03999e-06 -3.19222e-06
23.3062 -7.98093e-06 -8.02018e-06 -3.2398e-06
23.3628 -7.97393e-06 -8.00038e-06 -3.28738e-06
23.4194 -7.96692e-06 -7.98057e-06 -3.33495e-06
23.4759 -7.95992e-06 -7.96077e-06 -3.38253e-06
23.5325 -7.95291e-06 -7.94096e-06 -3.43011e-06
23.5891 -7.94591e-06 -7.92115e-06 -3.47768e-06
23.6457 -7.9389e-06 -7.90135e-06 -3.52526e-06
23.7022 -7.9319e-06 -7.88154e-06 -3.57284e-06
23.7588 -7.92489e-06 -7.86173e-06 -3.62042e-06
23.8154 -7.91789e-06 -7.84193e-06 -3.66799e-06
23.8719 -7.91088e-06 -7.82212e-06 -3.71557e-06
23.9285 -7.90388e-06 -7.80231e-06 -3.76315e-06
23.9851 -7.89687e-06 -7.78251e-06 -3.81073e-06
24.0416 -7.88987e-06 -7.7627e-06 -3.8583e-06
24.0982 -7.88286e-06 -7.74289e-06 -3.90588e-06
24.1548 0 0 0
24.2113 0 0 0
24.2679 0 0 0
24.3245 0 0 0
24.381 0 0 0
24.4376 0 0 0
24.4942 0 0 0
24.5507 0 0 0
24.6073 0 0 0
24.6639 0 0 0
24.7205 0 0 0
24.777 0 0 0
24.8336 0 0 0
24.8902 0 0 0
24.9467 0 0 0
25.0033 0 0 0
25.0599 0 0 0
25.1164 0 0 0
25.173 0 0 0
25.2296 0 0 0
25.2861 0 0 0
25.3427 0 0 0
25.3993 0 0 0
25.4558 0 0 0
25.5124 0 0 0
25.569 0 0 0
25.6255 0 0 0
25.6821 0 0 0
25.7387 0 0 0
25.7953 0 0 0
25.8518 0 0 0
25.9084 0 0 0
25.965 0 0 0
26.0215 0 0 0
26.0781 0 0 0
26.1347 0 0 0
26.1912 0 0 0
26.2478 0 0 0
26.3044 0 0 0
26.3609 0 0 0
26.4175 0 0 0
26.4741 0 0 0
26.5306 0 0 0
26.5872 0 0 0
26.6438 0 0 0
26.7004 0 0 0
26.7569 0 0 0
26.8135 0 0 0
26.8701 0 0 0
26.9266 0 0 0
26.9832 0 0 0
27.0398 0 0 0
27.0963 0 0 0
27.1529 0 0 0
27.2095 0 0 0
27.266 0 0 0
27.3226 0 0 0
27.3792 0 0 0
27.4357 0 0 0
27.4923 0 0 0
27.5489 0 0 0
27.6054 0 0 0
27.662 0 0 0
27.7186 0 0 0
27.7752 0 0 0
27.8317 0 0 0
27.8883 0 0 0
27.9449 0 0 0
28.0014 0 0 0
28.058 0 0 0
28.1146 0 0 0
28.1711 0 0 0
28.2277 0 0 0
28.2843 0 0 0
