0.0565685 0 0 0
0.113137 0 0 0
0.169706 0 0 0
0.226274 0 0 0
0.282843 0 0 0
0.339411 0 0 0
0.39598 0 0 0
0.452548 0 0 0
0.509117 0 0 0
0.565685 0 0 0
0.622254 0 0 0
0.678823 0 0 0
0.735391 0 0 0
0.79196 0 0 0
0.848528 0 0 0
0.905097 0 0 0
0.961665 0 0 0
1.01823 0 0 0
1.0748 0 0 0
1.13137 0 0 0
1.18794 0 0 0
1.24451 0 0 0
1.30108 0 0 0
1.35765 0 0 0
1.41421 0 0 0
1.47078 0 0 0
1.52735 0 0 0
1.58392 0 0 0
1.64049 0 0 0
1.69706 0 0 0
1.75362 0 0 0
1.81019 0 0 0
1.86676 0 0 0
1.92333 0 0 0
1.9799 0 0 0
2.03647 0 0 0
2.09304 0 0 0
2.1496 0 0 0
2.20617 0 0 0
2.26274 0 0 0
2.31931 0 0 0
2.37588 0 0 0
2.43245 0 0 0
2.48902 0 0 0
2.54558 0 0 0
2.60215 0 0 0
2.65872 0 0 0
2.71529 0 0 0
2.77186 0 0 0
2.82843 0 0 0
2.885 0 0 0
2.94156 0 0 0
2.99813 0 0 0
3.0547 0 0 0
3.11127 0 0 0
3.16784 0 0 0
3.22441 0 0 0
3.28098 0 0 0
3.33754 0 0 0
3.39411 0 0 0
3.45068 0 0 0
3.50725 0 0 0
3.56382 0 0 0
3.62039 0 0 0
3.67696 0 0 0
3.73352 0 0 0
3.79009 0 0 0
3.84666 0 0 0
3.90323 0 0 0
3.9598 0 0 0
4.01637 0 0 0
4.07294 0 0 0
4.1295 0 0 0
4.18607 -0.000470017 -0.000450602 -0.000189359
4.24264 -0.000468737 -0.000445003 -0.000192089
4.29921 -0.000467457 -0.000439404 -0.000194818
4.35578 -0.000464271 -0.00043518 -0.000198271
4.41235 -0.000460451 -0.000431414 -0.000201965
4.46891 -0.000456631 -0.000427647 -0.000205658
4.52548 -0.000452811 -0.000423881 -0.000209352
4.58205 -0.00044899 -0.000420115 -0.000213045
4.63862 -0.00044517 -0.000416349 -0.000216739
4.69519 -0.00044135 -0.000412582 -0.000220432
4.75176 -0.00043753 -0.000408816 -0.000224126
4.80833 -0.000433709 -0.00040505 -0.000227819
4.86489 -0.000429889 -0.000401283 -0.000231513
4.92146 -0.000426069 -0.000397517 -0.000235207
4.97803 -0.000422249 -0.000393751 -0.0002389
5.0346 -0.000418428 -0.000389984 -0.000242594
5.09117 -0.000414608 -0.000386218 -0.000246287
5.14774 -0.000410788 -0.000382452 -0.000249981
5.20431 -0.000406968 -0.000378685 -0.000253674
5.26087 -0.000403147 -0.000374919 -0.000257368
5.31744 -0.000401859 -0.00037208 -0.000263743
5.37401 -0.000404474 -0.000370669 -0.000274254
5.43058 -0.000407089 -0.000369259 -0.000284765
5.48715 -0.000409704 -0.000367849 -0.000295276
5.54372 -0.000412319 -0.000366438 -0.000305786
5.60029 -0.000414934 -0.000365028 -0.000316297
5.65685 -0.000417548 -0.000363618 -0.000326808
5.71342 -0.000420163 -0.000362207 -0.000337319
5.76999 -0.000422778 -0.000360797 -0.00034783
5.82656 -0.000425393 -0.000359387 -0.000358341
5.88313 -0.000428008 -0.000357976 -0.000368852
5.9397 -0.000430623 -0.000356566 -0.000379362
5.99627 -0.000433238 -0.000355156 -0.000389873
6.05283 -0.000434616 -0.000353076 -0.00039844
6.1094 -0.000433719 -0.000349766 -0.00040343
6.16597 -0.000432821 -0.000346455 -0.000408421
6.22254 -0.000444469 -0.000334223 -0.000416647
6.27911 -0.000456805 -0.000321437 -0.000426891
6.33568 -0.000460437 -0.000314524 -0.000443682
6.39225 -0.00046407 -0.00030761 -0.000460472
6.44881 -0.000467703 -0.000300697 -0.000477263
6.50538 -0.000471336 -0.000293784 -0.000494054
6.56195 -0.000474969 -0.000286871 -0.000510844
6.61852 -0.000478602 -0.000279958 -0.000527635
6.67509 -0.000482235 -0.000273044 -0.000544425
6.73166 -0.000485867 -0.000266131 -0.000561216
6.78823 -0.0004895 -0.000259218 -0.000578006
6.84479 -0.000493133 -0.000252305 -0.000594797
6.90136 -0.000496766 -0.000245392 -0.000611587
6.95793 -0.000500399 -0.000238478 -0.000628378
7.0145 -0.000504726 -0.000225165 -0.000644069
7.07107 -0.000510643 -0.000197195 -0.000657245
7.12764 -0.000516333 -0.000174645 -0.000677694
7.1842 -0.000521681 -0.000160239 -0.000709071
7.24077 -0.00052703 -0.000145833 -0.000740449
7.29734 -0.000532378 -0.000131427 -0.000771827
7.35391 -0.000537726 -0.00011702 -0.000803204
7.41048 -0.000543075 -0.000102614 -0.000834582
7.46705 -0.000548423 -8.82082e-05 -0.000865959
7.52362 -0.000553772 -7.38021e-05 -0.000897337
7.58018 -0.00055912 -5.9396e-05 -0.000928714
7.63675 -0.000564469 -4.49899e-05 -0.000960092
7.69332 -0.000580249 -1.53317e-05 -0.000988519
7.74989 -0.000600114 2.02981e-05 -0.00101579
7.80646 -0.000618368 6.12518e-05 -0.00108162
7.86303 -0.000636566 0.00010239 -0.00114879
7.9196 -0.000654765 0.000143528 -0.00121596
7.97616 -0.000672963 0.000184666 -0.00128313
8.03273 -0.000691161 0.000225805 -0.0013503
8.0893 -0.000709359 0.000266943 -0.00141747
8.14587 -0.000727557 0.000308081 -0.00148463
8.20244 -0.000769844 0.000313755 -0.00158646
8.25901 -0.000815709 0.000310897 -0.0016966
8.31558 -0.000861573 0.000308039 -0.00180675
8.37214 -0.000907438 0.00030518 -0.00191689
8.42871 -0.000953303 0.000302322 -0.00202703
8.48528 -0.000977846 0.000365624 -0.00217206
8.54185 -0.00100095 0.000433396 -0.00231945
8.59842 -0.000985585 0.000350558 -0.0024786
8.65499 -0.000980665 0.000278254 -0.00268221
8.71156 -0.00100619 0.000260896 -0.00297739
8.76812 -0.00103172 0.000243538 -0.00327256
8.82469 -0.000946657 0.000143273 -0.00358846
8.88126 -0.000875564 1.91924e-05 -0.00389195
8.93783 -0.000780587 -7.46221e-05 -0.00423573
8.9944 -0.000616641 -0.000368831 -0.00466477
9.05097 -0.000405877 -0.000802312 -0.00509734
9.10754 -0.000142816 -0.00156729 -0.00547239
9.1641 0.000326803 -0.00232911 -0.0059051
9.22067 0.00100171 -0.00324585 -0.006251
9.27724 0.00157587 -0.00458986 -0.0063204
9.33381 0.00223532 -0.00612753 -0.00615868
9.39038 0 0 0
9.44695 0 0 0
9.50352 0 0 0
9.56008 0 0 0
9.61665 0 0 0
9.67322 0 0 0
9.72979 0 0 0
9.78636 0 0 0
9.84293 0 0 0
9.89949 0 0 0
9.95606 0 0 0
10.0126 0 0 0
10.0692 0 0 0
10.1258 0 0 0
10.1823 0 0 0
10.2389 0 0 0
10.2955 0 0 0
10.352 0 0 0
10.4086 0 0 0
10.4652 0 0 0
10.5217 0 0 0
10.5783 0 0 0
10.6349 0.00137732 -0.00962414 -0.00134672
10.6915 0.00161104 -0.00919511 -0.00171019
10.748 0.00174776 -0.00873778 -0.00206743
10.8046 0.00179714 -0.00822528 -0.0024154
10.8612 0.0017484 -0.00779294 -0.00265068
10.9177 0.00171444 -0.00741276 -0.00283107
10.9743 0.00165312 -0.00665403 -0.00302674
11.0309 0.00161121 -0.0059518 -0.00317368
11.0874 0.00143257 -0.00552193 -0.00321596
11.144 0.00123073 -0.00502493 -0.00327327
11.2006 0.0010141 -0.00457677 -0.00324601
11.2571 0.000840111 -0.00404907 -0.0032718
11.3137 0.000655383 -0.00367095 -0.0031817
11.3703 0.000466293 -0.00335361 -0.00304451
11.4268 0.000307452 -0.00302458 -0.00293792
11.4834 0.000240364 -0.0027224 -0.0027844
11.54 0.000219046 -0.00244423 -0.00258367
11.5966 0.000206618 -0.00218228 -0.00243529
11.6531 0.000212311 -0.00195343 -0.00239364
11.7097 0.000218005 -0.00172458 -0.00235198
11.7663 0.00022871 -0.00152032 -0.00227338
11.8228 0.000197357 -0.00144098 -0.0021502
11.8794 0.000151354 -0.00139682 -0.00202042
11.936 0.000103646 -0.00135463 -0.00188922
11.9925 2.80803e-05 -0.00134471 -0.00173483
12.0491 -4.63286e-05 -0.00132993 -0.001582
12.1057 -7.58857e-05 -0.00121605 -0.00150714
12.1622 -8.55888e-05 -0.00119219 -0.00142099
12.2188 -9.5292e-05 -0.00116834 -0.00133484
12.2754 -0.000104995 -0.00114448 -0.0012487
12.3319 -0.000114698 -0.00112063 -0.00116255
12.3885 -0.000124401 -0.00109678 -0.0010764
12.4451 -0.000134105 -0.00107292 -0.000990252
12.5016 -0.000143808 -0.00104907 -0.000904104
12.5582 -0.000148657 -0.00102787 -0.000836632
12.6148 -0.000146893 -0.00101028 -0.000794611
12.6714 -0.000145128 -0.000992697 -0.00075259
12.7279 -0.000143363 -0.000975112 -0.000710569
12.7845 -0.000141531 -0.000958375 -0.000668456
12.8411 -0.000136446 -0.000982279 -0.000621934
12.8976 -0.000131361 -0.00100618 -0.000575413
12.9542 -0.000126276 -0.00103009 -0.000528891
13.0108 -0.000135567 -0.00101525 -0.000476743
13.0673 -0.000149168 -0.000988795 -0.000422909
13.1239 -0.000162768 -0.000962342 -0.000369074
13.1805 -0.000176369 -0.000935888 -0.00031524
13.237 -0.00018997 -0.000909435 -0.000261405
13.2936 -0.00020357 -0.000882982 -0.00020757
13.3502 -0.000217171 -0.000856529 -0.000153736
13.4067 -0.000218204 -0.000835802 -0.0001185
13.4633 -0.000213985 -0.000817469 -9.10359e-05
13.5199 -0.000209766 -0.000799136 -6.35723e-05
13.5765 -0.000205547 -0.000780803 -3.61087e-05
13.633 -0.000203578 -0.000762218 -9.00767e-06
13.6896 -0.000229089 -0.000740548 1.36653e-05
13.7462 -0.000254599 -0.000718877 3.63382e-05
13.8027 -0.00028011 -0.000697207 5.90112e-05
13.8593 -0.000305621 -0.000675537 8.16842e-05
13.9159 -0.000331131 -0.000653867 0.000104357
13.9724 -0.000356642 -0.000632196 0.00012703
14.029 -0.000382152 -0.000610526 0.000149703
14.0856 -0.000407663 -0.000588856 0.000172376
14.1421 -0.000418821 -0.000576633 0.000184594
14.1987 -0.000422646 -0.000569238 0.00019147
14.2553 -0.00042647 -0.000561843 0.000198346
14.3118 -0.000430295 -0.000554448 0.000205223
14.3684 -0.000434629 -0.0005438 0.00021108
14.425 -0.000442153 -0.000512767 0.000210552
14.4815 -0.000449678 -0.000481734 0.000210024
14.5381 -0.000457203 -0.0004507 0.000209496
14.5947 -0.000464728 -0.000419667 0.000208968
14.6513 -0.000472253 -0.000388633 0.000208441
14.7078 -0.000479778 -0.0003576 0.000207913
14.7644 -0.000487303 -0.000326567 0.000207385
14.821 -0.000494828 -0.000295533 0.000206857
14.8775 -0.000502353 -0.0002645 0.000206329
14.9341 -0.000509878 -0.000233467 0.000205801
14.9907 -0.000517403 -0.000202433 0.000205273
15.0472 -0.000521357 -0.000184854 0.000203021
15.1038 -0.000522309 -0.000178589 0.000199317
15.1604 -0.000521074 -0.000169727 0.000192959
15.2169 -0.000517848 -0.000158499 0.000184183
15.2735 -0.000514622 -0.000147272 0.000175406
15.3301 -0.000511396 -0.000136045 0.00016663
15.3866 -0.00050817 -0.000124817 0.000157854
15.4432 -0.000504944 -0.00011359 0.000149078
15.4998 -0.000501718 -0.000102363 0.000140301
15.5563 -0.000498492 -9.11352e-05 0.000131525
15.6129 -0.000495266 -7.99079e-05 0.000122749
15.6695 -0.00049204 -6.86805e-05 0.000113973
15.7261 -0.000488814 -5.74532e-05 0.000105196
15.7826 -0.000485159 -4.73303e-05 9.68243e-05
15.8392 -0.00047754 -4.74003e-05 9.21828e-05
15.8958 -0.000469921 -4.74703e-05 8.75414e-05
15.9523 -0.000462303 -4.75404e-05 8.29e-05
16.0089 -0.000454684 -4.76104e-05 7.82586e-05
16.0655 -0.000447065 -4.76804e-05 7.36172e-05
16.122 -0.000439447 -4.77505e-05 6.89757e-05
16.1786 -0.000431828 -4.78205e-05 6.43343e-05
16.2352 -0.000424209 -4.78905e-05 5.96929e-05
16.2917 -0.00041659 -4.79605e-05 5.50515e-05
16.3483 -0.000406629 -4.94462e-05 5.05103e-05
16.4049 -0.00039598 -5.13476e-05 4.59985e-05
16.4614 -0.00038533 -5.3249e-05 4.14867e-05
16.518 -0.000377666 -5.51167e-05 3.9259e-05
16.5746 -0.00037551 -5.69224e-05 4.12464e-05
16.6312 -0.000373353 -5.8728e-05 4.32338e-05
16.6877 -0.000371197 -6.05336e-05 4.52212e-05
16.7443 -0.000369041 -6.23393e-05 4.72085e-05
16.8009 -0.000366885 -6.41449e-05 4.91959e-05
16.8574 -0.000364728 -6.59506e-05 5.11833e-05
16.914 -0.000362572 -6.77562e-05 5.31707e-05
16.9706 -0.000360416 -6.95619e-05 5.51581e-05
17.0271 -0.00035826 -7.13675e-05 5.71454e-05
17.0837 -0.000356103 -7.31732e-05 5.91328e-05
17.1403 -0.000353947 -7.49788e-05 6.11202e-05
17.1968 -0.000351791 -7.67845e-05 6.31076e-05
17.2534 -0.000349635 -7.85901e-05 6.50949e-05
17.31 -0.000349461 -8.02738e-05 7.21092e-05
17.3665 -0.000349621 -8.1937e-05 7.99693e-05
17.4231 -0.000358495 -8.0142e-05 8.05568e-05
17.4797 -0.000369835 -7.73679e-05 7.90852e-05
17.5362 -0.000376468 -7.54806e-05 7.87654e-05
17.5928 -0.000380395 -7.41026e-05 7.91072e-05
17.6494 -0.000384323 -7.27246e-05 7.9449e-05
17.706 -0.000388251 -7.13466e-05 7.97908e-05
17.7625 -0.000392179 -6.99686e-05 8.01325e-05
17.8191 -0.000396107 -6.85906e-05 8.04743e-05
17.8757 -0.000400034 -6.72126e-05 8.08161e-05
17.9322 -0.000403962 -6.58346e-05 8.11579e-05
17.9888 -0.00040789 -6.44566e-05 8.14997e-05
18.0454 -0.000411818 -6.30786e-05 8.18415e-05
18.1019 -0.000415746 -6.17006e-05 8.21833e-05
18.1585 -0.000419673 -6.03226e-05 8.2525e-05
18.2151 -0.000423601 -5.89446e-05 8.28668e-05
18.2716 -0.000427529 -5.75666e-05 8.32086e-05
18.3282 -0.000431457 -5.61886e-05 8.35504e-05
18.3848 -0.000435165 -5.45989e-05 8.3018e-05
18.4413 -0.000437647 -5.1828e-05 7.76075e-05
18.4979 -0.000440128 -4.90571e-05 7.21969e-05
18.5545 -0.00044261 -4.62862e-05 6.67864e-05
18.6111 -0.000445092 -4.35153e-05 6.13759e-05
18.6676 -0.000447574 -4.07444e-05 5.59654e-05
18.7242 -0.000450055 -3.79735e-05 5.05549e-05
18.7808 -0.000452493 -3.52468e-05 4.52141e-05
18.8373 -0.000453303 -3.41444e-05 4.24369e-05
18.8939 -0.000454114 -3.30421e-05 3.96598e-05
18.9505 -0.000454924 -3.19397e-05 3.68827e-05
19.007 -0.000455735 -3.08374e-05 3.41055e-05
19.0636 -0.000456545 -2.9735e-05 3.13284e-05
19.1202 -0.000457356 -2.86327e-05 2.85513e-05
19.1767 -0.000458166 -2.75303e-05 2.57741e-05
19.2333 -0.000458976 -2.6428e-05 2.2997e-05
19.2899 -0.000459787 -2.53256e-05 2.02199e-05
19.3464 -0.000460597 -2.42232e-05 1.74427e-05
19.403 -0.000461408 -2.31209e-05 1.46656e-05
19.4596 -0.000460722 -2.32618e-05 1.11508e-05
19.5161 -0.000458228 -2.49067e-05 6.74361e-06
19.5727 -0.000455733 -2.65516e-05 2.33641e-06
19.6293 -0.000453239 -2.81965e-05 -2.07078e-06
19.6859 -0.000450744 -2.98414e-05 -6.47797e-06
19.7424 -0.000448249 -3.14863e-05 -1.08852e-05
19.799 -0.000445755 -3.31312e-05 -1.52923e-05
19.8556 -0.00044326 -3.47761e-05 -1.96995e-05
19.9121 -0.000440765 -3.6421e-05 -2.41067e-05
19.9687 -0.000438271 -3.80659e-05 -2.85139e-05
20.0253 -0.000435835 -3.96617e-05 -3.27665e-05
20.0818 -0.000434261 -4.05312e-05 -3.47334e-05
20.1384 -0.000432688 -4.14006e-05 -3.67003e-05
20.195 -0.000431114 -4.22701e-05 -3.86673e-05
20.2515 -0.000429541 -4.31395e-05 -4.06342e-05
20.3081 -0.000427967 -4.4009e-05 -4.26011e-05
20.3647 -0.000426393 -4.48784e-05 -4.4568e-05
20.4212 -0.00042482 -4.57479e-05 -4.65349e-05
20.4778 -0.000423246 -4.66174e-05 -4.85018e-05
20.5344 -0.000421673 -4.74868e-05 -5.04687e-05
20.5909 -0.000420099 -4.83563e-05 -5.24357e-05
20.6475 -0.000418526 -4.92257e-05 -5.44026e-05
20.7041 -0.000416952 -5.00952e-05 -5.63695e-05
20.7607 -0.000413784 -5.25136e-05 -5.79373e-05
20.8172 -0.000410305 -5.52335e-05 -5.94274e-05
20.8738 -0.000406825 -5.79535e-05 -6.09176e-05
20.9304 -0.000403346 -6.06734e-05 -6.24077e-05
20.9869 -0.000399867 -6.33933e-05 -6.38978e-05
21.0435 -0.000396388 -6.61132e-05 -6.5388e-05
21.1001 -0.000392909 -6.88331e-05 -6.68781e-05
21.1566 -0.00038943 -7.1553e-05 -6.83682e-05
21.2132 -0.000385951 -7.42729e-05 -6.98584e-05
21.2698 -0.000382659 -7.68e-05 -7.1219e-05
21.3263 -0.000380727 -7.79264e-05 -7.16388e-05
21.3829 -0.000378795 -7.90528e-05 -7.20586e-05
21.4395 -0.000376863 -8.01792e-05 -7.24784e-05
21.496 -0.000374931 -8.13056e-05 -7.28982e-05
21.5526 -0.000372999 -8.2432e-05 -7.33181e-05
21.6092 -0.000371067 -8.35584e-05 -7.37379e-05
21.6658 -0.000369135 -8.46848e-05 -7.41577e-05
21.7223 -0.000367203 -8.58112e-05 -7.45775e-05
21.7789 -0.000365272 -8.69376e-05 -7.49973e-05
21.8355 -0.00036334 -8.8064e-05 -7.54171e-05
21.892 -0.000361408 -8.91904e-05 -7.58369e-05
21.9486 -0.000359476 -9.03168e-05 -7.62567e-05
22.0052 -0.000357544 -9.14432e-05 -7.66765e-05
22.0617 -0.000355612 -9.25696e-05 -7.70963e-05
22.1183 -0.00035368 -9.3696e-05 -7.75161e-05
22.1749 -0.000351748 -9.48224e-05 -7.79359e-05
22.2314 -0.000349816 -9.59488e-05 -7.83557e-05
22.288 -0.000347884 -9.70752e-05 -7.87756e-05
22.3446 -0.000345952 -9.82016e-05 -7.91954e-05
22.4011 -0.00034402 -9.93279e-05 -7.96152e-05
22.4577 -0.000342088 -0.000100454 -8.0035e-05
22.5143 -0.000340157 -0.000101581 -8.04548e-05
22.5708 -0.000337906 -0.000103015 -8.05435e-05
22.6274 -0.000335445 -0.000104652 -8.04146e-05
22.684 -0.000333938 -0.000105496 -8.03467e-05
22.7406 -0.000332855 -0.000105987 -8.03059e-05
22.7971 -0.000331761 -0.00010651 -8.03162e-05
22.8537 -0.000330614 -0.000107177 -8.05559e-05
22.9103 -0.000329468 -0.000107843 -8.07955e-05
22.9668 -0.000328321 -0.00010851 -8.10352e-05
23.0234 -0.000327174 -0.000109177 -8.12748e-05
23.08 -0.000326027 -0.000109844 -8.15145e-05
23.1365 -0.00032488 -0.00011051 -8.17541e-05
23.1931 -0.000323734 -0.000111177 -8.19938e-05
23.2497 -0.000322587 -0.000111844 -8.22334e-05
23.3062 -0.00032144 -0.000112511 -8.24731e-05
23.3628 -0.000320293 -0.000113177 -8.27127e-05
23.4194 -0.000319147 -0.000113844 -8.29524e-05
23.4759 -0.000318 -0.000114511 -8.31921e-05
23.5325 -0.000316853 -0.000115178 -8.34317e-05
23.5891 -0.000315706 -0.000115844 -8.36714e-05
23.6457 -0.000314559 -0.000116511 -8.3911e-05
23.7022 -0.000313413 -0.000117178 -8.41507e-05
23.7588 -0.000312266 -0.000117844 -8.43903e-05
23.8154 -0.000311119 -0.000118511 -8.463e-05
23.8719 -0.000309972 -0.000119178 -8.48696e-05
23.9285 -0.000308826 -0.000119845 -8.51093e-05
23.9851 -0.000307679 -0.000120511 -8.53489e-05
24.0416 -0.000306532 -0.000121178 -8.55886e-05
24.0982 -0.000305385 -0.000121845 -8.58282e-05
24.1548 0 0 0
24.2113 0 0 0
24.2679 0 0 0
24.3245 0 0 0
24.381 0 0 0
24.4376 0 0 0
24.4942 0 0 0
24.5507 0 0 0
24.6073 0 0 0
24.6639 0 0 0
24.7205 0 0 0
24.777 0 0 0
24.8336 0 0 0
24.8902 0 0 0
24.9467 0 0 0
25.0033 0 0 0
25.0599 0 0 0
25.1164 0 0 0
25.173 0 0 0
25.2296 0 0 0
25.2861 0 0 0
25.3427 0 0 0
25.3993 0 0 0
25.4558 0 0 0
25.5124 0 0 0
25.569 0 0 0
25.6255 0 0 0
25.6821 0 0 0
25.7387 0 0 0
25.7953 0 0 0
25.8518 0 0 0
25.9084 0 0 0
25.965 0 0 0
26.0215 0 0 0
26.0781 0 0 0
26.1347 0 0 0
26.1912 0 0 0
26.2478 0 0 0
26.3044 0 0 0
26.3609 0 0 0
26.4175 0 0 0
26.4741 0 0 0
26.5306 0 0 0
26.5872 0 0 0
26.6438 0 0 0
26.7004 0 0 0
26.7569 0 0 0
26.8135 0 0 0
26.8701 0 0 0
26.9266 0 0 0
26.9832 0 0 0
27.0398 0 0 0
27.0963 0 0 0
27.1529 0 0 0
27.2095 0 0 0
27.266 0 0 0
27.3226 0 0 0
27.3792 0 0 0
27.4357 0 0 0
27.4923 0 0 0
27.5489 0 0 0
27.6054 0 0 0
27.662 0 0 0
27.7186 0 0 0
27.7752 0 0 0
27.8317 0 0 0
27.8883 0 0 0
27.9449 0 0 0
28.0014 0 0 0
28.058 0 0 0
28.1146 0 0 0
28.1711 0 0 0
28.2277 0 0 0
28.2843 0 0 0
