0.0282843 0 0 0
0.0565685 0 0 0
0.0848528 0 0 0
0.113137 0 0 0
0.141421 0 0 0
0.169706 0 0 0
0.19799 0 0 0
0.226274 0 0 0
0.254558 0 0 0
0.282843 0 0 0
0.311127 0 0 0
0.339411 0 0 0
0.367696 0 0 0
0.39598 0 0 0
0.424264 0 0 0
0.452548 0 0 0
0.480833 0 0 0
0.509117 0 0 0
0.537401 0 0 0
0.565685 0 0 0
0.59397 0 0 0
0.622254 0 0 0
0.650538 0 0 0
0.678823 0 0 0
0.707107 0 0 0
0.735391 0 0 0
0.763675 0 0 0
0.79196 0 0 0
0.820244 0 0 0
0.848528 0 0 0
0.876812 0 0 0
0.905097 0 0 0
0.933381 0 0 0
0.961665 0 0 0
0.989949 0 0 0
1.01823 0 0 0
1.04652 0 0 0
1.0748 0 0 0
1.10309 0 0 0
1.13137 0 0 0
1.15966 0 0 0
1.18794 0 0 0
1.21622 0 0 0
1.24451 0 0 0
1.27279 0 0 0
1.30108 0 0 0
1.32936 0 0 0
1.35765 0 0 0
1.38593 0 0 0
1.41421 0 0 0
1.4425 0 0 0
1.47078 0 0 0
1.49907 0 0 0
1.52735 0 0 0
1.55563 0 0 0
1.58392 0 0 0
1.6122 0 0 0
1.64049 0 0 0
1.66877 0 0 0
1.69706 0 0 0
1.72534 0 0 0
1.75362 0 0 0
1.78191 0 0 0
1.81019 0 0 0
1.83848 0 0 0
1.86676 0 0 0
1.89505 0 0 0
1.92333 0 0 0
1.95161 0 0 0
1.9799 0 0 0
2.00818 0 0 0
2.03647 0 0 0
2.06475 0 0 0
2.09304 0 0 0
2.12132 0 0 0
2.1496 0 0 0
2.17789 0 0 0
2.20617 0 0 0
2.23446 0 0 0
2.26274 0 0 0
2.29103 0 0 0
2.31931 0 0 0
2.34759 0 0 0
2.37588 0 0 0
2.40416 0 0 0
2.43245 0 0 0
2.46073 0 0 0
2.48902 0 0 0
2.5173 0 0 0
2.54558 0 0 0
2.57387 0 0 0
2.60215 0 0 0
2.63044 0 0 0
2.65872 0 0 0
2.68701 0 0 0
2.71529 0 0 0
2.74357 0 0 0
2.77186 0 0 0
2.80014 0 0 0
2.82843 0 0 0
2.85671 0 0 0
2.885 0 0 0
2.91328 0 0 0
2.94156 0 0 0
2.96985 0 0 0
2.99813 0 0 0
3.02642 0 0 0
3.0547 0 0 0
3.08299 0 0 0
3.11127 0 0 0
3.13955 0 0 0
3.16784 0 0 0
3.19612 0 0 0
3.22441 0 0 0
3.25269 0 0 0
3.28098 0 0 0
3.30926 0 0 0
3.33754 0 0 0
3.36583 0 0 0
3.39411 0 0 0
3.4224 0 0 0
3.45068 0 0 0
3.47897 0 0 0
3.50725 0 0 0
3.53553 0 0 0
3.56382 0 0 0
3.5921 0 0 0
3.62039 0 0 0
3.64867 0 0 0
3.67696 0 0 0
3.70524 0 0 0
3.73352 0 0 0
3.76181 0 0 0
3.79009 0 0 0
3.81838 0 0 0
3.84666 0 0 0
3.87495 0 0 0
3.90323 0 0 0
3.93151 0 0 0
3.9598 0 0 0
3.98808 0 0 0
4.01637 0 0 0
4.04465 0 0 0
4.07294 0 0 0
4.10122 0 0 0
4.1295 0 0 0
4.15779 0 0 0
4.18607 -7.68131e-06 -7.69389e-06 -3.76228e-06
4.21436 -7.69689e-06 -7.69479e-06 -3.74093e-06
4.24264 -7.71247e-06 -7.69569e-06 -3.71958e-06
4.27092 -7.72805e-06 -7.69659e-06 -3.69823e-06
4.29921 -7.74363e-06 -7.69749e-06 -3.67688e-06
4.32749 -7.75921e-06 -7.69839e-06 -3.65553e-06
4.35578 -7.77479e-06 -7.69929e-06 -3.63419e-06
4.38406 -7.79037e-06 -7.7002e-06 -3.61284e-06
4.41235 -7.80595e-06 -7.7011e-06 -3.59149e-06
4.44063 -7.82153e-06 -7.702e-06 -3.57014e-06
4.46891 -7.83711e-06 -7.7029e-06 -3.54879e-06
4.4972 -7.85269e-06 -7.7038e-06 -3.52744e-06
4.52548 -7.86827e-06 -7.7047e-06 -3.50609e-06
4.55377 -7.88385e-06 -7.7056e-06 -3.48474e-06
4.58205 -7.89943e-06 -7.70651e-06 -3.46339e-06
4.61034 -7.91501e-06 -7.71081e-06 -3.44394e-06
4.63862 -7.93059e-06 -7.7326e-06 -3.43419e-06
4.6669 -7.94618e-06 -7.75439e-06 -3.42444e-06
4.69519 -7.96176e-06 -7.77617e-06 -3.4147e-06
4.72347 -7.97734e-06 -7.79796e-06 -3.40495e-06
4.75176 -7.99292e-06 -7.81975e-06 -3.3952e-06
4.78004 -8.0085e-06 -7.84154e-06 -3.38546e-06
4.80833 -8.02409e-06 -7.86332e-06 -3.37571e-06
4.83661 -8.03967e-06 -7.88511e-06 -3.36596e-06
4.86489 -8.05525e-06 -7.9069e-06 -3.35622e-06
4.89318 -8.07083e-06 -7.92869e-06 -3.34647e-06
4.92146 -8.08641e-06 -7.95047e-06 -3.33672e-06
4.94975 -8.102e-06 -7.97226e-06 -3.32698e-06
4.97803 -8.11758e-06 -7.99405e-06 -3.31723e-06
5.00632 -8.13316e-06 -8.01584e-06 -3.30748e-06
5.0346 -8.14874e-06 -8.03762e-06 -3.29774e-06
5.06288 -8.16432e-06 -8.05941e-06 -3.28799e-06
5.09117 -8.17991e-06 -8.0812e-06 -3.27824e-06
5.11945 -8.19549e-06 -8.10298e-06 -3.2685e-06
5.14774 -8.21107e-06 -8.12477e-06 -3.25875e-06
5.17602 -8.22665e-06 -8.14656e-06 -3.249e-06
5.20431 -8.24223e-06 -8.16835e-06 -3.23926e-06
5.23259 -8.25782e-06 -8.19013e-06 -3.22951e-06
5.26087 -8.2734e-06 -8.21192e-06 -3.21977e-06
5.28916 -8.28898e-06 -8.23371e-06 -3.21002e-06
5.31744 -8.30456e-06 -8.2555e-06 -3.20027e-06
5.34573 -8.32014e-06 -8.27728e-06 -3.19053e-06
5.37401 -8.33573e-06 -8.29907e-06 -3.18078e-06
5.4023 -8.35131e-06 -8.32086e-06 -3.17103e-06
5.43058 -8.36689e-06 -8.34264e-06 -3.16129e-06
5.45886 -8.38247e-06 -8.36443e-06 -3.15154e-06
5.48715 -8.39806e-06 -8.38622e-06 -3.14179e-06
5.51543 -8.41364e-06 -8.40801e-06 -3.13205e-06
5.54372 -8.42922e-06 -8.42979e-06 -3.1223e-06
5.572 -8.4448e-06 -8.45158e-06 -3.11255e-06
5.60029 -8.46038e-06 -8.47337e-06 -3.10281e-06
5.62857 -8.47597e-06 -8.49516e-06 -3.09306e-06
5.65685 -8.49155e-06 -8.51694e-06 -3.08331e-06
5.68514 -8.50713e-06 -8.53873e-06 -3.07357e-06
5.71342 -8.52271e-06 -8.56052e-06 -3.06382e-06
5.74171 -8.53829e-06 -8.58231e-06 -3.05407e-06
5.76999 -8.55388e-06 -8.60409e-06 -3.04433e-06
5.79828 -8.50146e-06 -8.55295e-06 -3.04903e-06
5.82656 -8.42965e-06 -8.48102e-06 -3.05785e-06
5.85484 -8.35784e-06 -8.40908e-06 -3.06667e-06
5.88313 -8.28604e-06 -8.33714e-06 -3.07548e-06
5.91141 -8.21423e-06 -8.26521e-06 -3.0843e-06
5.9397 -8.14242e-06 -8.19327e-06 -3.09312e-06
5.96798 -8.07061e-06 -8.12134e-06 -3.10194e-06
5.99627 -7.9988e-06 -8.0494e-06 -3.11076e-06
6.02455 -7.927e-06 -7.97746e-06 -3.11958e-06
6.05283 -7.85519e-06 -7.90553e-06 -3.1284e-06
6.08112 -7.78338e-06 -7.83359e-06 -3.13722e-06
6.1094 -7.71157e-06 -7.76165e-06 -3.14604e-06
6.13769 -7.63977e-06 -7.68972e-06 -3.15486e-06
6.16597 -7.56796e-06 -7.61778e-06 -3.16367e-06
6.19426 -7.49615e-06 -7.54584e-06 -3.17249e-06
6.22254 -7.42434e-06 -7.47391e-06 -3.18131e-06
6.25082 -7.35253e-06 -7.40197e-06 -3.19013e-06
6.27911 -7.28073e-06 -7.33003e-06 -3.19895e-06
6.30739 -7.20892e-06 -7.2581e-06 -3.20777e-06
6.33568 -7.13711e-06 -7.18616e-06 -3.21659e-06
6.36396 -7.0653e-06 -7.11423e-06 -3.22541e-06
6.39225 -6.99349e-06 -7.04229e-06 -3.23423e-06
6.42053 -6.92169e-06 -6.97035e-06 -3.24304e-06
6.44881 -6.84988e-06 -6.89842e-06 -3.25186e-06
6.4771 -6.77807e-06 -6.82648e-06 -3.26068e-06
6.50538 -6.70626e-06 -6.75454e-06 -3.2695e-06
6.53367 -6.63446e-06 -6.68261e-06 -3.27832e-06
6.56195 -6.56265e-06 -6.61067e-06 -3.28714e-06
6.59024 -6.49084e-06 -6.53873e-06 -3.29596e-06
6.61852 -6.41903e-06 -6.4668e-06 -3.30478e-06
6.6468 -6.34722e-06 -6.39486e-06 -3.3136e-06
6.67509 -6.27542e-06 -6.32293e-06 -3.32242e-06
6.70337 -6.20361e-06 -6.25099e-06 -3.33123e-06
6.73166 -6.1318e-06 -6.17905e-06 -3.34005e-06
6.75994 -6.05999e-06 -6.10712e-06 -3.34887e-06
6.78823 -5.98819e-06 -6.03518e-06 -3.35769e-06
6.81651 -5.91638e-06 -5.96324e-06 -3.36651e-06
6.84479 -5.84457e-06 -5.89131e-06 -3.37533e-06
6.87308 -5.77276e-06 -5.81937e-06 -3.38415e-06
6.90136 -5.70095e-06 -5.74743e-06 -3.39297e-06
6.92965 -5.62915e-06 -5.6755e-06 -3.40179e-06
6.95793 -5.55734e-06 -5.60356e-06 -3.41061e-06
6.98621 -5.48553e-06 -5.53163e-06 -3.41942e-06
7.0145 -5.41372e-06 -5.45969e-06 -3.42824e-06
7.04278 -5.34191e-06 -5.38775e-06 -3.43706e-06
7.07107 -5.27231e-06 -5.31652e-06 -3.44992e-06
7.09935 -5.21859e-06 -5.25038e-06 -3.49199e-06
7.12764 -5.16488e-06 -5.18424e-06 -3.53406e-06
7.15592 -5.11116e-06 -5.1181e-06 -3.57613e-06
7.1842 -5.05745e-06 -5.05197e-06 -3.6182e-06
7.21249 -5.00373e-06 -4.98583e-06 -3.66027e-06
7.24077 -4.95002e-06 -4.91969e-06 -3.70234e-06
7.26906 -4.8963e-06 -4.85355e-06 -3.74441e-06
7.29734 -4.84259e-06 -4.78741e-06 -3.78648e-06
7.32563 -4.78887e-06 -4.72127e-06 -3.82855e-06
7.35391 -4.73516e-06 -4.65513e-06 -3.87062e-06
7.38219 -4.68144e-06 -4.58899e-06 -3.91269e-06
7.41048 -4.62773e-06 -4.52285e-06 -3.95476e-06
7.43876 -4.47002e-06 -4.34026e-06 -4.07343e-06
7.46705 -4.26358e-06 -4.10309e-06 -4.228e-06
7.49533 -4.05714e-06 -3.86592e-06 -4.38257e-06
7.52362 -3.85069e-06 -3.62875e-06 -4.53714e-06
7.5519 -3.64425e-06 -3.39158e-06 -4.69171e-06
7.58018 -3.4378e-06 -3.15441e-06 -4.84628e-06
7.60847 -3.23136e-06 -2.91724e-06 -5.00085e-06
7.63675 -3.02491e-06 -2.68007e-06 -5.15542e-06
7.66504 -2.81847e-06 -2.4429e-06 -5.30999e-06
7.69332 -2.61203e-06 -2.20573e-06 -5.46456e-06
7.72161 -2.40558e-06 -1.96856e-06 -5.61913e-06
7.74989 -2.19914e-06 -1.73139e-06 -5.7737e-06
7.77817 -1.99269e-06 -1.49422e-06 -5.92827e-06
7.80646 -1.78625e-06 -1.25705e-06 -6.08284e-06
7.83474 -1.57981e-06 -1.01988e-06 -6.2374e-06
7.86303 -1.37364e-06 -8.07448e-07 -6.39846e-06
7.89131 -1.16789e-06 -6.30371e-07 -6.5688e-06
7.9196 -9.62131e-07 -4.53295e-07 -6.73914e-06
7.94788 -7.56375e-07 -2.76219e-07 -6.90947e-06
7.97616 -5.50618e-07 -9.91433e-08 -7.07981e-06
8.00445 -3.44862e-07 7.79328e-08 -7.25015e-06
8.03273 -1.39105e-07 2.55009e-07 -7.42048e-06
8.06102 6.66517e-08 4.32085e-07 -7.59082e-06
8.0893 2.72408e-07 6.09161e-07 -7.76116e-06
8.11759 4.78165e-07 7.86237e-07 -7.9315e-06
8.14587 6.83921e-07 9.63313e-07 -8.10183e-06
8.17415 8.89678e-07 1.14039e-06 -8.27217e-06
8.20244 1.09543e-06 1.31747e-06 -8.44251e-06
8.23072 1.30119e-06 1.49454e-06 -8.61284e-06
8.25901 1.50695e-06 1.67162e-06 -8.78318e-06
8.28729 1.7127e-06 1.84869e-06 -8.95352e-06
8.31558 1.91846e-06 2.02577e-06 -9.12385e-06
8.34386 2.12422e-06 2.20285e-06 -9.29419e-06
8.37214 2.32997e-06 2.37992e-06 -9.46453e-06
8.40043 2.53573e-06 2.557e-06 -9.63486e-06
8.42871 2.74149e-06 2.73407e-06 -9.8052e-06
8.457 2.94724e-06 2.91115e-06 -9.97554e-06
8.48528 3.153e-06 3.08823e-06 -1.01459e-05
8.51357 3.35876e-06 3.2653e-06 -1.03162e-05
8.54185 3.56451e-06 3.44238e-06 -1.04865e-05
8.57013 3.77027e-06 3.61945e-06 -1.06569e-05
8.59842 3.97603e-06 3.79653e-06 -1.08272e-05
8.6267 4.18178e-06 3.97361e-06 -1.09976e-05
8.65499 4.38754e-06 4.15068e-06 -1.11679e-05
8.68327 4.5933e-06 4.32776e-06 -1.13382e-05
8.71156 4.79905e-06 4.50483e-06 -1.15086e-05
8.73984 5.00481e-06 4.68191e-06 -1.16789e-05
8.76812 5.21057e-06 4.85899e-06 -1.18492e-05
8.79641 5.41632e-06 5.03606e-06 -1.20196e-05
8.82469 5.62208e-06 5.21314e-06 -1.21899e-05
8.85298 5.82784e-06 5.39021e-06 -1.23603e-05
8.88126 6.03359e-06 5.56729e-06 -1.25306e-05
8.90955 6.2479e-06 5.75805e-06 -1.27045e-05
8.93783 6.72063e-06 6.36206e-06 -1.29878e-05
8.96611 7.19335e-06 6.96607e-06 -1.32711e-05
8.9944 7.66607e-06 7.57008e-06 -1.35544e-05
9.02268 8.13879e-06 8.17409e-06 -1.38377e-05
9.05097 8.61151e-06 8.7781e-06 -1.4121e-05
9.07925 9.08423e-06 9.38211e-06 -1.44043e-05
9.10754 9.55696e-06 9.98612e-06 -1.46876e-05
9.13582 1.00297e-05 1.05901e-05 -1.49709e-05
9.1641 1.05024e-05 1.11941e-05 -1.52541e-05
9.19239 1.09751e-05 1.17982e-05 -1.55374e-05
9.22067 1.14478e-05 1.24022e-05 -1.58207e-05
9.24896 1.19206e-05 1.30062e-05 -1.6104e-05
9.27724 1.23933e-05 1.36102e-05 -1.63873e-05
9.30553 1.2866e-05 1.42142e-05 -1.66706e-05
9.33381 1.33387e-05 1.48182e-05 -1.69539e-05
9.36209 1.38115e-05 1.54222e-05 -1.72372e-05
9.39038 1.42842e-05 1.60262e-05 -1.75205e-05
9.41866 1.47569e-05 1.66302e-05 -1.78037e-05
9.44695 1.52296e-05 1.72342e-05 -1.8087e-05
9.47523 1.57023e-05 1.78383e-05 -1.83703e-05
9.50352 1.61751e-05 1.84423e-05 -1.86536e-05
9.5318 1.66478e-05 1.90463e-05 -1.89369e-05
9.56008 1.71205e-05 1.96503e-05 -1.92202e-05
9.58837 1.75932e-05 2.02543e-05 -1.95035e-05
9.61665 1.80659e-05 2.08583e-05 -1.97868e-05
9.64494 1.85387e-05 2.14623e-05 -2.00701e-05
9.67322 1.90114e-05 2.20663e-05 -2.03533e-05
9.70151 1.94841e-05 2.26703e-05 -2.06366e-05
9.72979 1.99568e-05 2.32744e-05 -2.09199e-05
9.75807 2.04296e-05 2.38784e-05 -2.12032e-05
9.78636 2.09023e-05 2.44824e-05 -2.14865e-05
9.81464 2.1375e-05 2.50864e-05 -2.17698e-05
9.84293 2.18477e-05 2.56904e-05 -2.20531e-05
9.87121 2.23204e-05 2.62944e-05 -2.23364e-05
9.89949 2.27932e-05 2.68984e-05 -2.26197e-05
9.92778 2.32659e-05 2.75024e-05 -2.29029e-05
9.95606 2.37094e-05 2.80483e-05 -2.32665e-05
9.98435 2.41268e-05 2.8542e-05 -2.37021e-05
10.0126 2.49298e-05 2.92839e-05 -2.43015e-05
10.0409 2.59473e-05 3.01638e-05 -2.49919e-05
10.0692 2.69601e-05 3.10417e-05 -2.56912e-05
10.0975 2.78786e-05 3.18797e-05 -2.65685e-05
10.1258 2.87971e-05 3.27177e-05 -2.74458e-05
10.1541 2.97156e-05 3.35557e-05 -2.83232e-05
10.1823 3.06341e-05 3.43937e-05 -2.92005e-05
10.2106 3.15527e-05 3.52317e-05 -3.00778e-05
10.2389 3.24712e-05 3.60697e-05 -3.09551e-05
10.2672 3.33897e-05 3.69077e-05 -3.18324e-05
10.2955 3.43082e-05 3.77457e-05 -3.27098e-05
10.3238 3.52267e-05 3.85837e-05 -3.35871e-05
10.352 3.61452e-05 3.94217e-05 -3.44644e-05
10.3803 3.70638e-05 4.02596e-05 -3.53417e-05
10.4086 3.79823e-05 4.10976e-05 -3.62191e-05
10.4369 3.89008e-05 4.19356e-05 -3.70964e-05
10.4652 3.98193e-05 4.27736e-05 -3.79737e-05
10.4935 4.07378e-05 4.36116e-05 -3.8851e-05
10.5217 4.16563e-05 4.44496e-05 -3.97283e-05
10.55 4.25749e-05 4.52876e-05 -4.06057e-05
10.5783 4.34934e-05 4.61256e-05 -4.1483e-05
10.6066 4.44119e-05 4.69636e-05 -4.23603e-05
10.6349 4.53304e-05 4.78016e-05 -4.32376e-05
10.6632 4.62489e-05 4.86396e-05 -4.41149e-05
10.6915 4.71674e-05 4.94776e-05 -4.49923e-05
10.7197 4.8086e-05 5.03155e-05 -4.58696e-05
10.748 4.90045e-05 5.11535e-05 -4.67469e-05
10.7763 4.9923e-05 5.19915e-05 -4.76242e-05
10.8046 5.08415e-05 5.28295e-05 -4.85016e-05
10.8329 5.27147e-05 5.47035e-05 -4.96474e-05
10.8612 5.4718e-05 5.67187e-05 -5.08298e-05
10.8894 5.67213e-05 5.87339e-05 -5.20122e-05
10.9177 5.87246e-05 6.07491e-05 -5.31946e-05
10.946 6.07279e-05 6.27642e-05 -5.4377e-05
10.9743 6.27311e-05 6.47794e-05 -5.55594e-05
11.0026 6.47344e-05 6.67946e-05 -5.67418e-05
11.0309 6.67377e-05 6.88098e-05 -5.79242e-05
11.0592 6.8741e-05 7.0825e-05 -5.91066e-05
11.0874 7.07443e-05 7.28401e-05 -6.0289e-05
11.1157 7.27476e-05 7.48553e-05 -6.14714e-05
11.144 7.47508e-05 7.68705e-05 -6.26538e-05
11.1723 7.67541e-05 7.88857e-05 -6.38362e-05
11.2006 7.87574e-05 8.09008e-05 -6.50186e-05
11.2289 8.07607e-05 8.2916e-05 -6.6201e-05
11.2571 8.26271e-05 8.47217e-05 -6.78634e-05
11.2854 8.44488e-05 8.64589e-05 -6.96826e-05
11.3137 8.62705e-05 8.81961e-05 -7.15017e-05
11.342 8.80922e-05 8.99333e-05 -7.33209e-05
11.3703 8.99139e-05 9.16706e-05 -7.514e-05
11.3986 9.17356e-05 9.34078e-05 -7.69592e-05
11.4268 9.48856e-05 9.6215e-05 -7.91197e-05
11.4551 9.94214e-05 0.000100139 -8.16364e-05
11.4834 0.000103957 0.000104062 -8.4153e-05
11.5117 0.000108493 0.000107986 -8.66697e-05
11.54 0.000113029 0.000111909 -8.91864e-05
11.5683 0.000117565 0.000115833 -9.1703e-05
11.5966 0.000122101 0.000119756 -9.42197e-05
11.6248 0.000126636 0.00012368 -9.67364e-05
11.6531 0.000131172 0.000127603 -9.9253e-05
11.6814 0.000134804 0.000131132 -0.000102032
11.7097 0.000137956 0.000134451 -0.00010495
11.738 0.000141109 0.000137771 -0.000107868
11.7663 0.000144261 0.00014109 -0.000110785
11.7945 0.000147414 0.00014441 -0.000113703
11.8228 0.000150567 0.000147729 -0.000116621
11.8511 0.000153719 0.000151048 -0.000119539
11.8794 0.000156872 0.000154368 -0.000122457
11.9077 0.000160024 0.000157687 -0.000125374
11.936 0.000165655 0.000164303 -0.000129617
11.9642 0.000171343 0.000170994 -0.00013389
11.9925 0.000177032 0.000177686 -0.000138164
12.0208 0.00018272 0.000184377 -0.000142437
12.0491 0.000188408 0.000191069 -0.00014671
12.0774 0.000194097 0.00019776 -0.000150983
12.1057 0.000200258 0.000203854 -0.000156374
12.134 0.000206608 0.000209707 -0.000162211
12.1622 0.000212959 0.000215561 -0.000168049
12.1905 0.000219309 0.000221414 -0.000173887
12.2188 0.00022566 0.000227268 -0.000179725
12.2471 0.000232011 0.000233121 -0.000185563
12.2754 0.000238361 0.000238975 -0.000191401
12.3037 0.000245184 0.000245249 -0.000197438
12.3319 0.000256774 0.000255768 -0.000205491
12.3602 0.000268364 0.000266287 -0.000213543
12.3885 0.000279954 0.000276807 -0.000221596
12.4168 0.000291544 0.000287326 -0.000229648
12.4451 0.000303135 0.000297846 -0.0002377
12.4734 0.000314725 0.000308365 -0.000245753
12.5016 0.000326315 0.000318884 -0.000253805
12.5299 0.000337918 0.000329349 -0.00026215
12.5582 0.00034964 0.000339317 -0.000273164
12.5865 0.000361362 0.000349286 -0.000284178
12.6148 0.000377534 0.000365784 -0.000297674
12.6431 0.00039863 0.000389508 -0.000313917
12.6714 0.000419071 0.000411964 -0.000331326
12.6996 0.0004386 0.000432653 -0.000350362
12.7279 0.000458129 0.000453341 -0.000369399
12.7562 0.000477658 0.000474029 -0.000388435
12.7845 0.000497187 0.000494718 -0.000407471
12.8128 0.000516716 0.000515406 -0.000426507
12.8411 0.000541721 0.000540497 -0.000447323
12.8693 0.00058584 0.000580954 -0.000474352
12.8976 0.000629959 0.00062141 -0.000501381
12.9259 0.000674078 0.000661867 -0.00052841
12.9542 0.000718197 0.000702324 -0.000555439
12.9825 0.000762316 0.000742781 -0.000582467
13.0108 0.000800296 0.000778286 -0.000617917
13.039 0.000847401 0.000832516 -0.000667935
13.0673 0.00088782 0.000881244 -0.000720433
13.0956 0.000928238 0.000929972 -0.000772932
13.1239 0.000968656 0.000978699 -0.00082543
13.1522 0.00103914 0.00105184 -0.000888144
13.1805 0.00114596 0.00115448 -0.000963202
13.2088 0.00125278 0.00125712 -0.00103826
13.237 0.00133752 0.00133571 -0.00113595
13.2653 0.00145608 0.00148514 -0.00127088
13.2936 0.00157589 0.00163716 -0.00140714
13.3219 0.00167965 0.00176067 -0.00153895
13.3502 0.00179868 0.00191176 -0.00171363
13.3785 0.00201425 0.00207381 -0.00194181
13.4067 0.00222983 0.00223587 -0.00216998
13.435 0.00251073 0.00252507 -0.00252547
13.4633 0.00280478 0.0028569 -0.00293296
13.4916 0.00314171 0.003198 -0.00349939
13.5199 0.00375921 0.00375181 -0.00433681
13.5482 0.00457978 0.00443929 -0.00547733
13.5765 0.0053089 0.00548855 -0.00732272
13.6047 0.00659011 0.00655284 -0.0102554
13.633 0.00862302 0.0085832 -0.0161409
13.6613 0 0 0
13.6896 0 0 0
13.7179 0 0 0
13.7462 0 0 0
13.7744 0 0 0
13.8027 0 0 0
13.831 0 0 0
13.8593 0 0 0
13.8876 0 0 0
13.9159 0 0 0
13.9441 0 0 0
13.9724 0 0 0
14.0007 0 0 0
14.029 0 0 0
14.0573 0 0 0
14.0856 0 0 0
14.1139 0 0 0
14.1421 0 0 0
14.1704 0 0 0
14.1987 0 0 0
14.227 0 0 0
14.2553 0 0 0
14.2836 0 0 0
14.3118 0 0 0
14.3401 0 0 0
14.3684 0 0 0
14.3967 0 0 0
14.425 0 0 0
14.4533 0 0 0
14.4815 0 0 0
14.5098 0 0 0
14.5381 0 0 0
14.5664 0 0 0
14.5947 0 0 0
14.623 0 0 0
14.6513 0.00853943 0.00853035 -0.0161236
14.6795 0.00668038 0.00645734 -0.0101807
14.7078 0.00542995 0.0053545 -0.00715479
14.7361 0.00452579 0.00457477 -0.00564294
14.7644 0.00389254 0.00372471 -0.00432807
14.7927 0.00329001 0.0032802 -0.00353554
14.821 0.00287195 0.00288702 -0.00296787
14.8492 0.00254962 0.00256528 -0.00252805
14.8775 0.00228021 0.00224908 -0.00219795
14.9058 0.00203504 0.00196227 -0.00189352
14.9341 0.00189304 0.00180056 -0.00169834
14.9624 0.00174784 0.00163932 -0.00150472
14.9907 0.0016056 0.001518 -0.00136933
15.0189 0.00145433 0.00140516 -0.00126039
15.0472 0.00130307 0.00129233 -0.00115146
15.0755 0.00120947 0.00120571 -0.00105994
15.1038 0.00114678 0.00113315 -0.00097775
15.1321 0.00108409 0.00106059 -0.000895563
15.1604 0.00100778 0.000991568 -0.000821512
15.1887 0.000933832 0.000925393 -0.000755465
15.2169 0.000868841 0.000867144 -0.000711949
15.2452 0.00080385 0.000808895 -0.000668433
15.2735 0.000743562 0.000753736 -0.000626266
15.3018 0.000712294 0.000717649 -0.000592423
15.3301 0.000681026 0.000681562 -0.000558581
15.3584 0.000649758 0.000645475 -0.000524738
15.3866 0.00061849 0.000609388 -0.000490896
15.4149 0.000587222 0.000573301 -0.000457053
15.4432 0.000553988 0.000536381 -0.00042401
15.4715 0.000532468 0.000513964 -0.000405243
15.4998 0.000510702 0.000493955 -0.000390957
15.5281 0.000488936 0.000473946 -0.000376671
15.5563 0.00046717 0.000453937 -0.000362385
15.5846 0.000445404 0.000433928 -0.000348098
15.6129 0.000423638 0.000413919 -0.000333812
15.6412 0.000401872 0.00039391 -0.000319526
15.6695 0.000380106 0.000373901 -0.000305239
15.6978 0.000365568 0.00036049 -0.000293741
15.7261 0.000353758 0.000349569 -0.000283294
15.7543 0.000341948 0.000338648 -0.000272848
15.7826 0.000330138 0.000327727 -0.000262401
15.8109 0.000318328 0.000316806 -0.000251955
15.8392 0.000306517 0.000305885 -0.000241508
15.8675 0.000294707 0.000294964 -0.000231062
15.8958 0.000282897 0.000284043 -0.000220615
15.924 0.000270646 0.000273461 -0.00021066
15.9523 0.000257135 0.000263847 -0.000202109
15.9806 0.000243623 0.000254234 -0.000193557
16.0089 0.000238479 0.000248823 -0.00018785
16.0372 0.000233709 0.0002436 -0.000182269
16.0655 0.00022784 0.000236526 -0.000177522
16.0938 0.000221485 0.000228632 -0.000173143
16.122 0.00021513 0.000220738 -0.000168763
16.1503 0.000208775 0.000212845 -0.000164384
16.1786 0.00020242 0.000204951 -0.000160005
16.2069 0.000196065 0.000197058 -0.000155626
16.2352 0.00018971 0.000189164 -0.000151246
16.2635 0.000183355 0.000181271 -0.000146867
16.2917 0.000177 0.000173377 -0.000142488
16.32 0.000170645 0.000165483 -0.000138109
16.3483 0.000165312 0.00015905 -0.000134025
16.3766 0.000162055 0.000155582 -0.000130542
16.4049 0.000158799 0.000152113 -0.000127059
16.4332 0.000155542 0.000148645 -0.000123576
16.4614 0.000152285 0.000145177 -0.000120092
16.4897 0.000149028 0.000141708 -0.000116609
16.518 0.000145771 0.00013824 -0.000113126
16.5463 0.000142515 0.000134772 -0.000109643
16.5746 0.000139258 0.000131303 -0.00010616
16.6029 0.000136001 0.000127835 -0.000102676
16.6312 0.000132744 0.000124367 -9.91932e-05
16.6594 0.000128009 0.000120216 -9.59747e-05
16.6877 0.000122497 0.000115707 -9.28954e-05
16.716 0.000116985 0.000111198 -8.98161e-05
16.7443 0.000111472 0.000106688 -8.67369e-05
16.7726 0.00010596 0.000102179 -8.36576e-05
16.8009 0.00010141 9.8388e-05 -8.10019e-05
16.8291 9.96254e-05 9.66622e-05 -7.95641e-05
16.8574 9.78413e-05 9.49364e-05 -7.81263e-05
16.8857 9.60571e-05 9.32106e-05 -7.66885e-05
16.914 9.42729e-05 9.14849e-05 -7.52507e-05
16.9423 9.24888e-05 8.97591e-05 -7.38129e-05
16.9706 9.07046e-05 8.80333e-05 -7.23751e-05
16.9988 8.89205e-05 8.63075e-05 -7.09373e-05
17.0271 8.71363e-05 8.45817e-05 -6.94995e-05
17.0554 8.53521e-05 8.28559e-05 -6.80617e-05
17.0837 8.3568e-05 8.11301e-05 -6.66239e-05
17.112 8.17838e-05 7.94044e-05 -6.51861e-05
17.1403 7.99996e-05 7.76786e-05 -6.37483e-05
17.1686 7.82155e-05 7.59528e-05 -6.23105e-05
17.1968 7.64313e-05 7.4227e-05 -6.08727e-05
17.2251 7.43203e-05 7.22752e-05 -5.95998e-05
17.2534 7.20905e-05 7.02412e-05 -5.83868e-05
17.2817 6.98607e-05 6.82072e-05 -5.71738e-05
17.31 6.76309e-05 6.61732e-05 -5.59609e-05
17.3383 6.54011e-05 6.41392e-05 -5.47479e-05
17.3665 6.31713e-05 6.21052e-05 -5.35349e-05
17.3948 6.09415e-05 6.00712e-05 -5.23219e-05
17.4231 5.87116e-05 5.80372e-05 -5.1109e-05
17.4514 5.68862e-05 5.63112e-05 -4.99819e-05
17.4797 5.6003e-05 5.53028e-05 -4.90548e-05
17.508 5.51197e-05 5.42943e-05 -4.81277e-05
17.5362 5.42365e-05 5.32859e-05 -4.72006e-05
17.5645 5.33532e-05 5.22775e-05 -4.62735e-05
17.5928 5.247e-05 5.12691e-05 -4.53465e-05
17.6211 5.15104e-05 5.02314e-05 -4.44559e-05
17.6494 5.03753e-05 4.91266e-05 -4.36495e-05
17.6777 4.92401e-05 4.80217e-05 -4.2843e-05
17.706 4.81049e-05 4.69169e-05 -4.20366e-05
17.7342 4.69697e-05 4.5812e-05 -4.12301e-05
17.7625 4.58346e-05 4.47071e-05 -4.04237e-05
17.7908 4.46994e-05 4.36023e-05 -3.96173e-05
17.8191 4.35642e-05 4.24974e-05 -3.88108e-05
17.8474 4.2429e-05 4.13925e-05 -3.80044e-05
17.8757 4.12939e-05 4.02877e-05 -3.71979e-05
17.9039 4.01587e-05 3.91828e-05 -3.63915e-05
17.9322 3.90235e-05 3.80779e-05 -3.5585e-05
17.9605 3.78884e-05 3.69731e-05 -3.47786e-05
17.9888 3.67532e-05 3.58682e-05 -3.39722e-05
18.0171 3.5618e-05 3.47634e-05 -3.31657e-05
18.0454 3.44828e-05 3.36585e-05 -3.23593e-05
18.0736 3.33477e-05 3.25536e-05 -3.15528e-05
18.1019 3.22125e-05 3.14488e-05 -3.07464e-05
18.1302 3.10773e-05 3.03439e-05 -2.99399e-05
18.1585 2.99421e-05 2.9239e-05 -2.91335e-05
18.1868 2.8807e-05 2.81342e-05 -2.83271e-05
18.2151 2.76718e-05 2.70293e-05 -2.75206e-05
18.2434 2.65366e-05 2.59245e-05 -2.67142e-05
18.2716 2.54015e-05 2.48196e-05 -2.59077e-05
18.2999 2.44266e-05 2.38755e-05 -2.52058e-05
18.3282 2.39464e-05 2.34274e-05 -2.48266e-05
18.3565 2.34662e-05 2.29793e-05 -2.44474e-05
18.3848 2.29859e-05 2.25312e-05 -2.40682e-05
18.4131 2.25057e-05 2.20831e-05 -2.3689e-05
18.4413 2.20255e-05 2.1635e-05 -2.33098e-05
18.4696 2.15453e-05 2.11869e-05 -2.29306e-05
18.4979 2.10651e-05 2.07388e-05 -2.25514e-05
18.5262 2.05849e-05 2.02907e-05 -2.21722e-05
18.5545 2.01046e-05 1.98427e-05 -2.1793e-05
18.5828 1.96244e-05 1.93946e-05 -2.14138e-05
18.6111 1.91442e-05 1.89465e-05 -2.10346e-05
18.6393 1.8664e-05 1.84984e-05 -2.06554e-05
18.6676 1.81838e-05 1.80503e-05 -2.02762e-05
18.6959 1.77035e-05 1.76022e-05 -1.9897e-05
18.7242 1.72233e-05 1.71541e-05 -1.95178e-05
18.7525 1.67431e-05 1.6706e-05 -1.91386e-05
18.7808 1.62629e-05 1.62579e-05 -1.87594e-05
18.809 1.57827e-05 1.58098e-05 -1.83802e-05
18.8373 1.53025e-05 1.53617e-05 -1.8001e-05
18.8656 1.48222e-05 1.49136e-05 -1.76218e-05
18.8939 1.4342e-05 1.44655e-05 -1.72426e-05
18.9222 1.38618e-05 1.40175e-05 -1.68633e-05
18.9505 1.33816e-05 1.35694e-05 -1.64841e-05
18.9787 1.29014e-05 1.31213e-05 -1.61049e-05
19.007 1.24212e-05 1.26732e-05 -1.57257e-05
19.0353 1.19409e-05 1.22251e-05 -1.53465e-05
19.0636 1.14607e-05 1.1777e-05 -1.49673e-05
19.0919 1.09805e-05 1.13289e-05 -1.45881e-05
19.1202 1.05003e-05 1.08808e-05 -1.42089e-05
19.1485 1.00247e-05 1.04059e-05 -1.3866e-05
19.1767 9.5538e-06 9.90392e-06 -1.35599e-05
19.205 9.0829e-06 9.40192e-06 -1.32537e-05
19.2333 8.61199e-06 8.89993e-06 -1.29476e-05
19.2616 8.14109e-06 8.39793e-06 -1.26414e-05
19.2899 7.67019e-06 7.89593e-06 -1.23353e-05
19.3182 7.19928e-06 7.39394e-06 -1.20291e-05
19.3464 6.72838e-06 6.89194e-06 -1.1723e-05
19.3747 6.25748e-06 6.38994e-06 -1.14168e-05
19.403 5.78657e-06 5.88795e-06 -1.11107e-05
19.4313 5.36461e-06 5.43694e-06 -1.08295e-05
19.4596 5.19029e-06 5.24392e-06 -1.06748e-05
19.4879 5.01596e-06 5.0509e-06 -1.052e-05
19.5161 4.84164e-06 4.85789e-06 -1.03653e-05
19.5444 4.66732e-06 4.66487e-06 -1.02106e-05
19.5727 4.49299e-06 4.47185e-06 -1.00558e-05
19.601 4.31867e-06 4.27884e-06 -9.9011e-06
19.6293 4.14435e-06 4.08582e-06 -9.74637e-06
19.6576 3.97002e-06 3.8928e-06 -9.59163e-06
19.6859 3.7957e-06 3.69979e-06 -9.4369e-06
19.7141 3.60071e-06 3.49918e-06 -9.30735e-06
19.7424 3.39267e-06 3.29377e-06 -9.19371e-06
19.7707 3.18462e-06 3.08837e-06 -9.08007e-06
19.799 2.97657e-06 2.88296e-06 -8.96643e-06
19.8273 2.76852e-06 2.67756e-06 -8.8528e-06
19.8556 2.56047e-06 2.47215e-06 -8.73916e-06
19.8838 2.35243e-06 2.26675e-06 -8.62552e-06
19.9121 2.14438e-06 2.06134e-06 -8.51189e-06
19.9404 1.93633e-06 1.85594e-06 -8.39825e-06
19.9687 1.72828e-06 1.65053e-06 -8.28461e-06
19.997 1.52023e-06 1.44512e-06 -8.17097e-06
20.0253 1.31218e-06 1.23972e-06 -8.05734e-06
20.0535 1.10414e-06 1.03431e-06 -7.9437e-06
20.0818 8.96088e-07 8.28907e-07 -7.83006e-06
20.1101 6.8804e-07 6.23502e-07 -7.71643e-06
20.1384 4.79992e-07 4.18096e-07 -7.60279e-06
20.1667 2.71944e-07 2.12691e-07 -7.48915e-06
20.195 6.38956e-08 7.28535e-09 -7.37551e-06
20.2233 -1.44153e-07 -1.9812e-07 -7.26188e-06
20.2515 -3.52201e-07 -4.03526e-07 -7.14824e-06
20.2798 -5.60249e-07 -6.08931e-07 -7.0346e-06
20.3081 -7.68297e-07 -8.14337e-07 -6.92096e-06
20.3364 -9.76345e-07 -1.01974e-06 -6.80733e-06
20.3647 -1.18439e-06 -1.22515e-06 -6.69369e-06
20.393 -1.39244e-06 -1.43055e-06 -6.58005e-06
20.4212 -1.60049e-06 -1.63596e-06 -6.46642e-06
20.4495 -1.80854e-06 -1.84136e-06 -6.35278e-06
20.4778 -2.01659e-06 -2.04677e-06 -6.23914e-06
20.5061 -2.22463e-06 -2.25218e-06 -6.1255e-06
20.5344 -2.43268e-06 -2.45758e-06 -6.01187e-06
20.5627 -2.64073e-06 -2.66299e-06 -5.89823e-06
20.5909 -2.84878e-06 -2.86839e-06 -5.78459e-06
20.6192 -3.05683e-06 -3.0738e-06 -5.67096e-06
20.6475 -3.26488e-06 -3.2792e-06 -5.55732e-06
20.6758 -3.47292e-06 -3.48461e-06 -5.44368e-06
20.7041 -3.68097e-06 -3.69001e-06 -5.33004e-06
20.7324 -3.88902e-06 -3.89542e-06 -5.21641e-06
20.7607 -4.09707e-06 -4.10083e-06 -5.10277e-06
20.7889 -4.30512e-06 -4.30623e-06 -4.98913e-06
20.8172 -4.51316e-06 -4.51164e-06 -4.87549e-06
20.8455 -4.72121e-06 -4.71704e-06 -4.76186e-06
20.8738 -4.91705e-06 -4.91025e-06 -4.65453e-06
20.9021 -4.97558e-06 -4.96632e-06 -4.61815e-06
20.9304 -5.03411e-06 -5.02238e-06 -4.58177e-06
20.9586 -5.09264e-06 -5.07844e-06 -4.54539e-06
20.9869 -5.15117e-06 -5.1345e-06 -4.50901e-06
21.0152 -5.2097e-06 -5.19057e-06 -4.47263e-06
21.0435 -5.26823e-06 -5.24663e-06 -4.43625e-06
21.0718 -5.32676e-06 -5.30269e-06 -4.39987e-06
21.1001 -5.38529e-06 -5.35875e-06 -4.36349e-06
21.1284 -5.44382e-06 -5.41482e-06 -4.32711e-06
21.1566 -5.50235e-06 -5.47088e-06 -4.29073e-06
21.1849 -5.56088e-06 -5.52694e-06 -4.25435e-06
21.2132 -5.61941e-06 -5.583e-06 -4.21797e-06
21.2415 -5.67794e-06 -5.63907e-06 -4.18159e-06
21.2698 -5.73647e-06 -5.69513e-06 -4.14521e-06
21.2981 -5.795e-06 -5.75119e-06 -4.10883e-06
21.3263 -5.85353e-06 -5.80726e-06 -4.07245e-06
21.3546 -5.91206e-06 -5.86332e-06 -4.03607e-06
21.3829 -5.97059e-06 -5.91938e-06 -3.99969e-06
21.4112 -6.02912e-06 -5.97544e-06 -3.96331e-06
21.4395 -6.08765e-06 -6.03151e-06 -3.92693e-06
21.4678 -6.14618e-06 -6.08757e-06 -3.89055e-06
21.496 -6.20471e-06 -6.14363e-06 -3.85417e-06
21.5243 -6.26324e-06 -6.19969e-06 -3.81779e-06
21.5526 -6.32177e-06 -6.25576e-06 -3.7814e-06
21.5809 -6.3803e-06 -6.31182e-06 -3.74502e-06
21.6092 -6.43883e-06 -6.36788e-06 -3.70864e-06
21.6375 -6.49736e-06 -6.42394e-06 -3.67226e-06
21.6658 -6.55589e-06 -6.48001e-06 -3.63588e-06
21.694 -6.61442e-06 -6.53607e-06 -3.5995e-06
21.7223 -6.67295e-06 -6.59213e-06 -3.56312e-06
21.7506 -6.73147e-06 -6.64819e-06 -3.52674e-06
21.7789 -6.79e-06 -6.70426e-06 -3.49036e-06
21.8072 -6.84853e-06 -6.76032e-06 -3.45398e-06
21.8355 -6.90706e-06 -6.81638e-06 -3.4176e-06
21.8637 -6.96559e-06 -6.87244e-06 -3.38122e-06
21.892 -7.02412e-06 -6.92851e-06 -3.34484e-06
21.9203 -7.08265e-06 -6.98457e-06 -3.30846e-06
21.9486 -7.14118e-06 -7.04063e-06 -3.27208e-06
21.9769 -7.19971e-06 -7.09669e-06 -3.2357e-06
22.0052 -7.25824e-06 -7.15276e-06 -3.19932e-06
22.0334 -7.31677e-06 -7.20882e-06 -3.16294e-06
22.0617 -7.37828e-06 -7.27807e-06 -3.13774e-06
22.09 -7.44104e-06 -7.35288e-06 -3.11726e-06
22.1183 -7.5038e-06 -7.42769e-06 -3.09678e-06
22.1466 -7.56656e-06 -7.5025e-06 -3.07629e-06
22.1749 -7.62932e-06 -7.57731e-06 -3.05581e-06
22.2032 -7.69208e-06 -7.65212e-06 -3.03532e-06
22.2314 -7.75485e-06 -7.72693e-06 -3.01484e-06
22.2597 -7.81761e-06 -7.80174e-06 -2.99436e-06
22.288 -7.88037e-06 -7.87655e-06 -2.97387e-06
22.3163 -7.94313e-06 -7.95136e-06 -2.95339e-06
22.3446 -8.00589e-06 -8.02617e-06 -2.93291e-06
22.3729 -8.06865e-06 -8.10098e-06 -2.91242e-06
22.4011 -8.13141e-06 -8.17579e-06 -2.89194e-06
22.4294 -8.19418e-06 -8.2506e-06 -2.87146e-06
22.4577 -8.25694e-06 -8.32541e-06 -2.85097e-06
22.486 -8.3197e-06 -8.40022e-06 -2.83049e-06
22.5143 -8.37888e-06 -8.47132e-06 -2.81121e-06
22.5426 -8.35571e-06 -8.45694e-06 -2.81962e-06
22.5708 -8.33254e-06 -8.44256e-06 -2.82803e-06
22.5991 -8.30938e-06 -8.42817e-06 -2.83644e-06
22.6274 -8.28621e-06 -8.41379e-06 -2.84486e-06
22.6557 -8.26305e-06 -8.39941e-06 -2.85327e-06
22.684 -8.23988e-06 -8.38503e-06 -2.86168e-06
22.7123 -8.21671e-06 -8.37065e-06 -2.87009e-06
22.7406 -8.19355e-06 -8.35627e-06 -2.8785e-06
22.7688 -8.17038e-06 -8.34189e-06 -2.88691e-06
22.7971 -8.14721e-06 -8.32751e-06 -2.89532e-06
22.8254 -8.12405e-06 -8.31313e-06 -2.90373e-06
22.8537 -8.10088e-06 -8.29874e-06 -2.91215e-06
22.882 -8.08552e-06 -8.28606e-06 -2.92656e-06
22.9103 -8.08203e-06 -8.27597e-06 -2.95009e-06
22.9385 -8.07853e-06 -8.26587e-06 -2.97362e-06
22.9668 -8.07504e-06 -8.25578e-06 -2.99715e-06
22.9951 -8.07154e-06 -8.24568e-06 -3.02068e-06
23.0234 -8.06804e-06 -8.23559e-06 -3.04421e-06
23.0517 -8.06455e-06 -8.22549e-06 -3.06774e-06
23.08 -8.06105e-06 -8.2154e-06 -3.09127e-06
23.1082 -8.05756e-06 -8.2053e-06 -3.1148e-06
23.1365 -8.05406e-06 -8.1952e-06 -3.13833e-06
23.1648 -8.05057e-06 -8.18511e-06 -3.16186e-06
23.1931 -8.04707e-06 -8.17501e-06 -3.18539e-06
23.2214 -8.04358e-06 -8.16492e-06 -3.20893e-06
23.2497 -8.04008e-06 -8.15482e-06 -3.23246e-06
23.278 -8.03659e-06 -8.14473e-06 -3.25599e-06
23.3062 -8.03309e-06 -8.13463e-06 -3.27952e-06
23.3345 -8.02959e-06 -8.12453e-06 -3.30305e-06
23.3628 -8.0261e-06 -8.11444e-06 -3.32658e-06
23.3911 -8.0226e-06 -8.10434e-06 -3.35011e-06
23.4194 -8.01911e-06 -8.09425e-06 -3.37364e-06
23.4477 -8.01561e-06 -8.08415e-06 -3.39717e-06
23.4759 -8.01212e-06 -8.07406e-06 -3.4207e-06
23.5042 -8.00862e-06 -8.06396e-06 -3.44423e-06
23.5325 -8.00513e-06 -8.05387e-06 -3.46776e-06
23.5608 -8.00163e-06 -8.04377e-06 -3.49129e-06
23.5891 -7.99814e-06 -8.03367e-06 -3.51482e-06
23.6174 -7.99464e-06 -8.02358e-06 -3.53835e-06
23.6457 -7.99114e-06 -8.01348e-06 -3.56188e-06
23.6739 -7.98765e-06 -8.00339e-06 -3.58541e-06
23.7022 -7.98415e-06 -7.99329e-06 -3.60894e-06
23.7305 -7.98066e-06 -7.9832e-06 -3.63247e-06
23.7588 -7.97716e-06 -7.9731e-06 -3.65601e-06
23.7871 -7.97367e-06 -7.96301e-06 -3.67954e-06
23.8154 -7.97017e-06 -7.95291e-06 -3.70307e-06
23.8436 -7.96668e-06 -7.94281e-06 -3.7266e-06
23.8719 -7.96318e-06 -7.93272e-06 -3.75013e-06
23.9002 -7.95969e-06 -7.92262e-06 -3.77366e-06
23.9285 -7.95619e-06 -7.91253e-06 -3.79719e-06
23.9568 -7.95269e-06 -7.90243e-06 -3.82072e-06
23.9851 -7.9492e-06 -7.89234e-06 -3.84425e-06
24.0133 -7.9457e-06 -7.88224e-06 -3.86778e-06
24.0416 -7.94221e-06 -7.87215e-06 -3.89131e-06
24.0699 -7.93871e-06 -7.86205e-06 -3.91484e-06
24.0982 -7.93522e-06 -7.85195e-06 -3.93837e-06
24.1265 0 0 0
24.1548 0 0 0
24.1831 0 0 0
24.2113 0 0 0
24.2396 0 0 0
24.2679 0 0 0
24.2962 0 0 0
24.3245 0 0 0
24.3528 0 0 0
24.381 0 0 0
24.4093 0 0 0
24.4376 0 0 0
24.4659 0 0 0
24.4942 0 0 0
24.5225 0 0 0
24.5507 0 0 0
24.579 0 0 0
24.6073 0 0 0
24.6356 0 0 0
24.6639 0 0 0
24.6922 0 0 0
24.7205 0 0 0
24.7487 0 0 0
24.777 0 0 0
24.8053 0 0 0
24.8336 0 0 0
24.8619 0 0 0
24.8902 0 0 0
24.9184 0 0 0
24.9467 0 0 0
24.975 0 0 0
25.0033 0 0 0
25.0316 0 0 0
25.0599 0 0 0
25.0881 0 0 0
25.1164 0 0 0
25.1447 0 0 0
25.173 0 0 0
25.2013 0 0 0
25.2296 0 0 0
25.2579 0 0 0
25.2861 0 0 0
25.3144 0 0 0
25.3427 0 0 0
25.371 0 0 0
25.3993 0 0 0
25.4276 0 0 0
25.4558 0 0 0
25.4841 0 0 0
25.5124 0 0 0
25.5407 0 0 0
25.569 0 0 0
25.5973 0 0 0
25.6255 0 0 0
25.6538 0 0 0
25.6821 0 0 0
25.7104 0 0 0
25.7387 0 0 0
25.767 0 0 0
25.7953 0 0 0
25.8235 0 0 0
25.8518 0 0 0
25.8801 0 0 0
25.9084 0 0 0
25.9367 0 0 0
25.965 0 0 0
25.9932 0 0 0
26.0215 0 0 0
26.0498 0 0 0
26.0781 0 0 0
26.1064 0 0 0
26.1347 0 0 0
26.163 0 0 0
26.1912 0 0 0
26.2195 0 0 0
26.2478 0 0 0
26.2761 0 0 0
26.3044 0 0 0
26.3327 0 0 0
26.3609 0 0 0
26.3892 0 0 0
26.4175 0 0 0
26.4458 0 0 0
26.4741 0 0 0
26.5024 0 0 0
26.5306 0 0 0
26.5589 0 0 0
26.5872 0 0 0
26.6155 0 0 0
26.6438 0 0 0
26.6721 0 0 0
26.7004 0 0 0
26.7286 0 0 0
26.7569 0 0 0
26.7852 0 0 0
26.8135 0 0 0
26.8418 0 0 0
26.8701 0 0 0
26.8983 0 0 0
26.9266 0 0 0
26.9549 0 0 0
26.9832 0 0 0
27.0115 0 0 0
27.0398 0 0 0
27.068 0 0 0
27.0963 0 0 0
27.1246 0 0 0
27.1529 0 0 0
27.1812 0 0 0
27.2095 0 0 0
27.2378 0 0 0
27.266 0 0 0
27.2943 0 0 0
27.3226 0 0 0
27.3509 0 0 0
27.3792 0 0 0
27.4075 0 0 0
27.4357 0 0 0
27.464 0 0 0
27.4923 0 0 0
27.5206 0 0 0
27.5489 0 0 0
27.5772 0 0 0
27.6054 0 0 0
27.6337 0 0 0
27.662 0 0 0
27.6903 0 0 0
27.7186 0 0 0
27.7469 0 0 0
27.7752 0 0 0
27.8034 0 0 0
27.8317 0 0 0
27.86 0 0 0
27.8883 0 0 0
27.9166 0 0 0
27.9449 0 0 0
27.9731 0 0 0
28.0014 0 0 0
28.0297 0 0 0
28.058 0 0 0
28.0863 0 0 0
28.1146 0 0 0
28.1428 0 0 0
28.1711 0 0 0
28.1994 0 0 0
28.2277 0 0 0
28.256 0 0 0
28.2843 0 0 0
