0.0282843 0 0 0
0.0565685 0 0 0
0.0848528 0 0 0
0.113137 0 0 0
0.141421 0 0 0
0.169706 0 0 0
0.19799 0 0 0
0.226274 0 0 0
0.254558 0 0 0
0.282843 0 0 0
0.311127 0 0 0
0.339411 0 0 0
0.367696 0 0 0
0.39598 0 0 0
0.424264 0 0 0
0.452548 0 0 0
0.480833 0 0 0
0.509117 0 0 0
0.537401 0 0 0
0.565685 0 0 0
0.59397 0 0 0
0.622254 0 0 0
0.650538 0 0 0
0.678823 0 0 0
0.707107 0 0 0
0.735391 0 0 0
0.763675 0 0 0
0.79196 0 0 0
0.820244 0 0 0
0.848528 0 0 0
0.876812 0 0 0
0.905097 0 0 0
0.933381 0 0 0
0.961665 0 0 0
0.989949 0 0 0
1.01823 0 0 0
1.04652 0 0 0
1.0748 0 0 0
1.10309 0 0 0
1.13137 0 0 0
1.15966 0 0 0
1.18794 0 0 0
1.21622 0 0 0
1.24451 0 0 0
1.27279 0 0 0
1.30108 0 0 0
1.32936 0 0 0
1.35765 0 0 0
1.38593 0 0 0
1.41421 0 0 0
1.4425 0 0 0
1.47078 0 0 0
1.49907 0 0 0
1.52735 0 0 0
1.55563 0 0 0
1.58392 0 0 0
1.6122 0 0 0
1.64049 0 0 0
1.66877 0 0 0
1.69706 0 0 0
1.72534 0 0 0
1.75362 0 0 0
1.78191 0 0 0
1.81019 0 0 0
1.83848 0 0 0
1.86676 0 0 0
1.89505 0 0 0
1.92333 0 0 0
1.95161 0 0 0
1.9799 0 0 0
2.00818 0 0 0
2.03647 0 0 0
2.06475 0 0 0
2.09304 0 0 0
2.12132 0 0 0
2.1496 0 0 0
2.17789 0 0 0
2.20617 0 0 0
2.23446 0 0 0
2.26274 0 0 0
2.29103 0 0 0
2.31931 0 0 0
2.34759 0 0 0
2.37588 0 0 0
2.40416 0 0 0
2.43245 0 0 0
2.46073 0 0 0
2.48902 0 0 0
2.5173 0 0 0
2.54558 0 0 0
2.57387 0 0 0
2.60215 0 0 0
2.63044 0 0 0
2.65872 0 0 0
2.68701 0 0 0
2.71529 0 0 0
2.74357 0 0 0
2.77186 0 0 0
2.80014 0 0 0
2.82843 0 0 0
2.85671 0 0 0
2.885 0 0 0
2.91328 0 0 0
2.94156 0 0 0
2.96985 0 0 0
2.99813 0 0 0
3.02642 0 0 0
3.0547 0 0 0
3.08299 0 0 0
3.11127 0 0 0
3.13955 0 0 0
3.16784 0 0 0
3.19612 0 0 0
3.22441 0 0 0
3.25269 0 0 0
3.28098 0 0 0
3.30926 0 0 0
3.33754 0 0 0
3.36583 0 0 0
3.39411 0 0 0
3.4224 0 0 0
3.45068 0 0 0
3.47897 0 0 0
3.50725 0 0 0
3.53553 0 0 0
3.56382 0 0 0
3.5921 0 0 0
3.62039 0 0 0
3.64867 0 0 0
3.67696 0 0 0
3.70524 0 0 0
3.73352 0 0 0
3.76181 0 0 0
3.79009 0 0 0
3.81838 0 0 0
3.84666 0 0 0
3.87495 0 0 0
3.90323 0 0 0
3.93151 0 0 0
3.9598 0 0 0
3.98808 0 0 0
4.01637 0 0 0
4.04465 0 0 0
4.07294 0 0 0
4.10122 0 0 0
4.1295 0 0 0
4.15779 0 0 0
4.18607 -7.65818e-06 -7.64604e-06 -3.74258e-06
4.21436 -7.67424e-06 -7.64674e-06 -3.72103e-06
4.24264 -7.69031e-06 -7.64744e-06 -3.69948e-06
4.27092 -7.70638e-06 -7.64814e-06 -3.67793e-06
4.29921 -7.72245e-06 -7.64884e-06 -3.65638e-06
4.32749 -7.73851e-06 -7.64954e-06 -3.63483e-06
4.35578 -7.75458e-06 -7.65024e-06 -3.61328e-06
4.38406 -7.77065e-06 -7.65094e-06 -3.59173e-06
4.41235 -7.78671e-06 -7.65164e-06 -3.57018e-06
4.44063 -7.80278e-06 -7.65234e-06 -3.54863e-06
4.46891 -7.81885e-06 -7.65303e-06 -3.52708e-06
4.4972 -7.83492e-06 -7.65373e-06 -3.50553e-06
4.52548 -7.85098e-06 -7.65443e-06 -3.48398e-06
4.55377 -7.86705e-06 -7.65513e-06 -3.46243e-06
4.58205 -7.88312e-06 -7.65583e-06 -3.44088e-06
4.61034 -7.89918e-06 -7.65988e-06 -3.4212e-06
4.63862 -7.91522e-06 -7.68147e-06 -3.41129e-06
4.6669 -7.93126e-06 -7.70306e-06 -3.40139e-06
4.69519 -7.9473e-06 -7.72466e-06 -3.39148e-06
4.72347 -7.96334e-06 -7.74625e-06 -3.38157e-06
4.75176 -7.97939e-06 -7.76784e-06 -3.37166e-06
4.78004 -7.99543e-06 -7.78943e-06 -3.36176e-06
4.80833 -8.01147e-06 -7.81102e-06 -3.35185e-06
4.83661 -8.02751e-06 -7.83261e-06 -3.34194e-06
4.86489 -8.04355e-06 -7.8542e-06 -3.33203e-06
4.89318 -8.05959e-06 -7.87579e-06 -3.32213e-06
4.92146 -8.07563e-06 -7.89738e-06 -3.31222e-06
4.94975 -8.09167e-06 -7.91897e-06 -3.30231e-06
4.97803 -8.10771e-06 -7.94056e-06 -3.29241e-06
5.00632 -8.12375e-06 -7.96215e-06 -3.2825e-06
5.0346 -8.1398e-06 -7.98375e-06 -3.27259e-06
5.06288 -8.15584e-06 -8.00534e-06 -3.26268e-06
5.09117 -8.17188e-06 -8.02693e-06 -3.25278e-06
5.11945 -8.18792e-06 -8.04852e-06 -3.24287e-06
5.14774 -8.20396e-06 -8.07011e-06 -3.23296e-06
5.17602 -8.22e-06 -8.0917e-06 -3.22305e-06
5.20431 -8.23604e-06 -8.11329e-06 -3.21315e-06
5.23259 -8.25208e-06 -8.13488e-06 -3.20324e-06
5.26087 -8.26812e-06 -8.15647e-06 -3.19333e-06
5.28916 -8.28416e-06 -8.17806e-06 -3.18343e-06
5.31744 -8.30021e-06 -8.19965e-06 -3.17352e-06
5.34573 -8.31625e-06 -8.22125e-06 -3.16361e-06
5.37401 -8.33229e-06 -8.24284e-06 -3.1537e-06
5.4023 -8.34833e-06 -8.26443e-06 -3.1438e-06
5.43058 -8.36437e-06 -8.28602e-06 -3.13389e-06
5.45886 -8.38041e-06 -8.30761e-06 -3.12398e-06
5.48715 -8.39645e-06 -8.3292e-06 -3.11407e-06
5.51543 -8.41249e-06 -8.35079e-06 -3.10417e-06
5.54372 -8.42853e-06 -8.37238e-06 -3.09426e-06
5.572 -8.44457e-06 -8.39397e-06 -3.08435e-06
5.60029 -8.46062e-06 -8.41556e-06 -3.07445e-06
5.62857 -8.47666e-06 -8.43715e-06 -3.06454e-06
5.65685 -8.4927e-06 -8.45875e-06 -3.05463e-06
5.68514 -8.50874e-06 -8.48034e-06 -3.04472e-06
5.71342 -8.52478e-06 -8.50193e-06 -3.03482e-06
5.74171 -8.54082e-06 -8.52352e-06 -3.02491e-06
5.76999 -8.55686e-06 -8.54511e-06 -3.015e-06
5.79828 -8.50468e-06 -8.49514e-06 -3.01892e-06
5.82656 -8.43208e-06 -8.42377e-06 -3.02697e-06
5.85484 -8.35948e-06 -8.35239e-06 -3.03503e-06
5.88313 -8.28688e-06 -8.28101e-06 -3.04308e-06
5.91141 -8.21428e-06 -8.20963e-06 -3.05113e-06
5.9397 -8.14168e-06 -8.13825e-06 -3.05919e-06
5.96798 -8.06909e-06 -8.06688e-06 -3.06724e-06
5.99627 -7.99649e-06 -7.9955e-06 -3.07529e-06
6.02455 -7.92389e-06 -7.92412e-06 -3.08335e-06
6.05283 -7.85129e-06 -7.85274e-06 -3.0914e-06
6.08112 -7.77869e-06 -7.78136e-06 -3.09945e-06
6.1094 -7.70609e-06 -7.70998e-06 -3.10751e-06
6.13769 -7.63349e-06 -7.63861e-06 -3.11556e-06
6.16597 -7.56089e-06 -7.56723e-06 -3.12361e-06
6.19426 -7.48829e-06 -7.49585e-06 -3.13167e-06
6.22254 -7.41569e-06 -7.42447e-06 -3.13972e-06
6.25082 -7.3431e-06 -7.35309e-06 -3.14777e-06
6.27911 -7.2705e-06 -7.28172e-06 -3.15583e-06
6.30739 -7.1979e-06 -7.21034e-06 -3.16388e-06
6.33568 -7.1253e-06 -7.13896e-06 -3.17193e-06
6.36396 -7.0527e-06 -7.06758e-06 -3.17999e-06
6.39225 -6.9801e-06 -6.9962e-06 -3.18804e-06
6.42053 -6.9075e-06 -6.92483e-06 -3.1961e-06
6.44881 -6.8349e-06 -6.85345e-06 -3.20415e-06
6.4771 -6.7623e-06 -6.78207e-06 -3.2122e-06
6.50538 -6.68971e-06 -6.71069e-06 -3.22026e-06
6.53367 -6.61711e-06 -6.63931e-06 -3.22831e-06
6.56195 -6.54451e-06 -6.56793e-06 -3.23636e-06
6.59024 -6.47191e-06 -6.49656e-06 -3.24442e-06
6.61852 -6.39931e-06 -6.42518e-06 -3.25247e-06
6.6468 -6.32671e-06 -6.3538e-06 -3.26052e-06
6.67509 -6.25411e-06 -6.28242e-06 -3.26858e-06
6.70337 -6.18151e-06 -6.21104e-06 -3.27663e-06
6.73166 -6.10891e-06 -6.13967e-06 -3.28468e-06
6.75994 -6.03631e-06 -6.06829e-06 -3.29274e-06
6.78823 -5.96372e-06 -5.99691e-06 -3.30079e-06
6.81651 -5.89112e-06 -5.92553e-06 -3.30884e-06
6.84479 -5.81852e-06 -5.85415e-06 -3.3169e-06
6.87308 -5.74592e-06 -5.78277e-06 -3.32495e-06
6.90136 -5.67332e-06 -5.7114e-06 -3.333e-06
6.92965 -5.60072e-06 -5.64002e-06 -3.34106e-06
6.95793 -5.52812e-06 -5.56864e-06 -3.34911e-06
6.98621 -5.45552e-06 -5.49726e-06 -3.35717e-06
7.0145 -5.38292e-06 -5.42588e-06 -3.36522e-06
7.04278 -5.31033e-06 -5.35451e-06 -3.37327e-06
7.07107 -5.23963e-06 -5.28367e-06 -3.38468e-06
7.09935 -5.18596e-06 -5.21764e-06 -3.42603e-06
7.12764 -5.13228e-06 -5.15161e-06 -3.46738e-06
7.15592 -5.07861e-06 -5.08558e-06 -3.50874e-06
7.1842 -5.02494e-06 -5.01955e-06 -3.55009e-06
7.21249 -4.97126e-06 -4.95352e-06 -3.59144e-06
7.24077 -4.91759e-06 -4.88749e-06 -3.63279e-06
7.26906 -4.86392e-06 -4.82147e-06 -3.67415e-06
7.29734 -4.81024e-06 -4.75544e-06 -3.7155e-06
7.32563 -4.75657e-06 -4.68941e-06 -3.75685e-06
7.35391 -4.70289e-06 -4.62338e-06 -3.7982e-06
7.38219 -4.64922e-06 -4.55735e-06 -3.83956e-06
7.41048 -4.59555e-06 -4.49132e-06 -3.88091e-06
7.43876 -4.44362e-06 -4.31381e-06 -3.9938e-06
7.46705 -4.2404e-06 -4.07811e-06 -4.14403e-06
7.49533 -4.03718e-06 -3.84241e-06 -4.29427e-06
7.52362 -3.83397e-06 -3.6067e-06 -4.4445e-06
7.5519 -3.63075e-06 -3.371e-06 -4.59473e-06
7.58018 -3.42753e-06 -3.1353e-06 -4.74497e-06
7.60847 -3.22432e-06 -2.89959e-06 -4.8952e-06
7.63675 -3.0211e-06 -2.66389e-06 -5.04543e-06
7.66504 -2.81788e-06 -2.42819e-06 -5.19567e-06
7.69332 -2.61467e-06 -2.19248e-06 -5.3459e-06
7.72161 -2.41145e-06 -1.95678e-06 -5.49613e-06
7.74989 -2.20823e-06 -1.72108e-06 -5.64637e-06
7.77817 -2.00502e-06 -1.48537e-06 -5.7966e-06
7.80646 -1.8018e-06 -1.24967e-06 -5.94683e-06
7.83474 -1.59858e-06 -1.01397e-06 -6.09707e-06
7.86303 -1.39544e-06 -7.96982e-07 -6.25287e-06
7.89131 -1.19247e-06 -6.20478e-07 -6.42073e-06
7.9196 -9.89495e-07 -4.43974e-07 -6.58858e-06
7.94788 -7.86521e-07 -2.6747e-07 -6.75644e-06
7.97616 -5.83547e-07 -9.09663e-08 -6.9243e-06
8.00445 -3.80574e-07 8.55377e-08 -7.09215e-06
8.03273 -1.776e-07 2.62042e-07 -7.26001e-06
8.06102 2.53739e-08 4.38546e-07 -7.42787e-06
8.0893 2.28348e-07 6.1505e-07 -7.59572e-06
8.11759 4.31321e-07 7.91554e-07 -7.76358e-06
8.14587 6.34295e-07 9.68058e-07 -7.93144e-06
8.17415 8.37269e-07 1.14456e-06 -8.0993e-06
8.20244 1.04024e-06 1.32107e-06 -8.26715e-06
8.23072 1.24322e-06 1.49757e-06 -8.43501e-06
8.25901 1.44619e-06 1.67407e-06 -8.60287e-06
8.28729 1.64916e-06 1.85058e-06 -8.77072e-06
8.31558 1.85214e-06 2.02708e-06 -8.93858e-06
8.34386 2.05511e-06 2.20359e-06 -9.10644e-06
8.37214 2.25808e-06 2.38009e-06 -9.27429e-06
8.40043 2.46106e-06 2.55659e-06 -9.44215e-06
8.42871 2.66403e-06 2.7331e-06 -9.61001e-06
8.457 2.86701e-06 2.9096e-06 -9.77786e-06
8.48528 3.06998e-06 3.08611e-06 -9.94572e-06
8.51357 3.27295e-06 3.26261e-06 -1.01136e-05
8.54185 3.47593e-06 3.43911e-06 -1.02814e-05
8.57013 3.6789e-06 3.61562e-06 -1.04493e-05
8.59842 3.88187e-06 3.79212e-06 -1.06171e-05
8.6267 4.08485e-06 3.96863e-06 -1.0785e-05
8.65499 4.28782e-06 4.14513e-06 -1.09529e-05
8.68327 4.4908e-06 4.32163e-06 -1.11207e-05
8.71156 4.69377e-06 4.49814e-06 -1.12886e-05
8.73984 4.89674e-06 4.67464e-06 -1.14564e-05
8.76812 5.09972e-06 4.85115e-06 -1.16243e-05
8.79641 5.30269e-06 5.02765e-06 -1.17921e-05
8.82469 5.50566e-06 5.20415e-06 -1.196e-05
8.85298 5.70864e-06 5.38066e-06 -1.21279e-05
8.88126 5.91161e-06 5.55716e-06 -1.22957e-05
8.90955 6.11459e-06 5.73366e-06 -1.24636e-05
8.93783 6.54661e-06 6.2525e-06 -1.27217e-05
8.96611 7.02961e-06 6.84754e-06 -1.29998e-05
8.9944 7.51262e-06 7.44258e-06 -1.3278e-05
9.02268 7.99562e-06 8.03762e-06 -1.35561e-05
9.05097 8.47863e-06 8.63265e-06 -1.38343e-05
9.07925 8.96163e-06 9.22769e-06 -1.41125e-05
9.10754 9.44464e-06 9.82273e-06 -1.43906e-05
9.13582 9.92764e-06 1.04178e-05 -1.46688e-05
9.1641 1.04106e-05 1.10128e-05 -1.4947e-05
9.19239 1.08937e-05 1.16078e-05 -1.52251e-05
9.22067 1.13767e-05 1.22029e-05 -1.55033e-05
9.24896 1.18597e-05 1.27979e-05 -1.57814e-05
9.27724 1.23427e-05 1.3393e-05 -1.60596e-05
9.30553 1.28257e-05 1.3988e-05 -1.63378e-05
9.33381 1.33087e-05 1.4583e-05 -1.66159e-05
9.36209 1.37917e-05 1.51781e-05 -1.68941e-05
9.39038 1.42747e-05 1.57731e-05 -1.71723e-05
9.41866 1.47577e-05 1.63681e-05 -1.74504e-05
9.44695 1.52407e-05 1.69632e-05 -1.77286e-05
9.47523 1.57237e-05 1.75582e-05 -1.80067e-05
9.50352 1.62067e-05 1.81533e-05 -1.82849e-05
9.5318 1.66897e-05 1.87483e-05 -1.85631e-05
9.56008 1.71727e-05 1.93433e-05 -1.88412e-05
9.58837 1.76557e-05 1.99384e-05 -1.91194e-05
9.61665 1.81387e-05 2.05334e-05 -1.93976e-05
9.64494 1.86217e-05 2.11285e-05 -1.96757e-05
9.67322 1.91047e-05 2.17235e-05 -1.99539e-05
9.70151 1.95877e-05 2.23185e-05 -2.0232e-05
9.72979 2.00708e-05 2.29136e-05 -2.05102e-05
9.75807 2.05538e-05 2.35086e-05 -2.07884e-05
9.78636 2.10368e-05 2.41036e-05 -2.10665e-05
9.81464 2.15198e-05 2.46987e-05 -2.13447e-05
9.84293 2.20028e-05 2.52937e-05 -2.16229e-05
9.87121 2.24858e-05 2.58888e-05 -2.1901e-05
9.89949 2.29688e-05 2.64838e-05 -2.21792e-05
9.92778 2.34518e-05 2.70788e-05 -2.24573e-05
9.95606 2.39348e-05 2.76739e-05 -2.27355e-05
9.98435 2.43586e-05 2.81572e-05 -2.31588e-05
10.0126 2.47809e-05 2.86376e-05 -2.3586e-05
10.0409 2.58289e-05 2.95283e-05 -2.42803e-05
10.0692 2.68894e-05 3.04273e-05 -2.49799e-05
10.0975 2.79091e-05 3.13019e-05 -2.57388e-05
10.1258 2.88519e-05 3.21309e-05 -2.66093e-05
10.1541 2.97946e-05 3.29598e-05 -2.74798e-05
10.1823 3.07374e-05 3.37887e-05 -2.83503e-05
10.2106 3.16801e-05 3.46177e-05 -2.92209e-05
10.2389 3.26229e-05 3.54466e-05 -3.00914e-05
10.2672 3.35656e-05 3.62755e-05 -3.09619e-05
10.2955 3.45084e-05 3.71044e-05 -3.18324e-05
10.3238 3.54511e-05 3.79334e-05 -3.27029e-05
10.352 3.63938e-05 3.87623e-05 -3.35734e-05
10.3803 3.73366e-05 3.95912e-05 -3.44439e-05
10.4086 3.82793e-05 4.04202e-05 -3.53145e-05
10.4369 3.92221e-05 4.12491e-05 -3.6185e-05
10.4652 4.01648e-05 4.2078e-05 -3.70555e-05
10.4935 4.11076e-05 4.2907e-05 -3.7926e-05
10.5217 4.20503e-05 4.37359e-05 -3.87965e-05
10.55 4.29931e-05 4.45648e-05 -3.9667e-05
10.5783 4.39358e-05 4.53937e-05 -4.05375e-05
10.6066 4.48786e-05 4.62227e-05 -4.14081e-05
10.6349 4.58213e-05 4.70516e-05 -4.22786e-05
10.6632 4.6764e-05 4.78805e-05 -4.31491e-05
10.6915 4.77068e-05 4.87095e-05 -4.40196e-05
10.7197 4.86495e-05 4.95384e-05 -4.48901e-05
10.748 4.95923e-05 5.03673e-05 -4.57606e-05
10.7763 5.0535e-05 5.11963e-05 -4.66311e-05
10.8046 5.14778e-05 5.20252e-05 -4.75017e-05
10.8329 5.24205e-05 5.28541e-05 -4.83722e-05
10.8612 5.42911e-05 5.47042e-05 -4.95311e-05
10.8894 5.64667e-05 5.68899e-05 -5.07848e-05
10.9177 5.86423e-05 5.90757e-05 -5.20385e-05
10.946 6.08179e-05 6.12614e-05 -5.32922e-05
10.9743 6.29935e-05 6.34472e-05 -5.45459e-05
11.0026 6.51691e-05 6.5633e-05 -5.57997e-05
11.0309 6.73447e-05 6.78187e-05 -5.70534e-05
11.0592 6.95203e-05 7.00045e-05 -5.83071e-05
11.0874 7.16959e-05 7.21902e-05 -5.95608e-05
11.1157 7.38715e-05 7.4376e-05 -6.08145e-05
11.144 7.60471e-05 7.65617e-05 -6.20682e-05
11.1723 7.82227e-05 7.87475e-05 -6.33219e-05
11.2006 8.03983e-05 8.09332e-05 -6.45757e-05
11.2289 8.25739e-05 8.3119e-05 -6.58294e-05
11.2571 8.47495e-05 8.53048e-05 -6.70831e-05
11.2854 8.68887e-05 8.7448e-05 -6.84086e-05
11.3137 8.87433e-05 8.92589e-05 -7.02964e-05
11.342 9.05979e-05 9.10697e-05 -7.21841e-05
11.3703 9.24525e-05 9.28806e-05 -7.40718e-05
11.3986 9.43071e-05 9.46914e-05 -7.59596e-05
11.4268 9.61617e-05 9.65023e-05 -7.78473e-05
11.4551 9.86295e-05 9.87762e-05 -7.98784e-05
11.4834 0.000103404 0.000102791 -8.24489e-05
11.5117 0.000108178 0.000106806 -8.50193e-05
11.54 0.000112952 0.000110821 -8.75898e-05
11.5683 0.000117726 0.000114836 -9.01602e-05
11.5966 0.0001225 0.000118851 -9.27306e-05
11.6248 0.000127275 0.000122866 -9.53011e-05
11.6531 0.000132049 0.000126881 -9.78715e-05
11.6814 0.000136047 0.000130556 -0.000100682
11.7097 0.000139271 0.000133891 -0.000103733
11.738 0.000142496 0.000137226 -0.000106783
11.7663 0.00014572 0.00014056 -0.000109833
11.7945 0.000148945 0.000143895 -0.000112884
11.8228 0.000152169 0.00014723 -0.000115934
11.8511 0.000155394 0.000150565 -0.000118984
11.8794 0.000158618 0.0001539 -0.000122035
11.9077 0.000161843 0.000157235 -0.000125085
11.936 0.000165067 0.00016057 -0.000128135
11.9642 0.000170115 0.000166544 -0.00013228
11.9925 0.000176253 0.000174095 -0.00013708
12.0208 0.000182391 0.000181647 -0.000141879
12.0491 0.000188529 0.000189198 -0.000146678
12.0774 0.000194666 0.00019675 -0.000151478
12.1057 0.000200804 0.000204301 -0.000156277
12.134 0.000206942 0.000211853 -0.000161077
12.1622 0.00021308 0.000219404 -0.000165876
12.1905 0.000219402 0.000225854 -0.000172138
12.2188 0.000225734 0.00023225 -0.000178473
12.2471 0.000232065 0.000238646 -0.000184807
12.2754 0.000238396 0.000245042 -0.000191141
12.3037 0.000244728 0.000251438 -0.000197475
12.3319 0.000251059 0.000257834 -0.000203809
12.3602 0.000262302 0.000270103 -0.000211632
12.3885 0.000273899 0.000282795 -0.000219562
12.4168 0.000285496 0.000295487 -0.000227492
12.4451 0.000297093 0.000308179 -0.000235421
12.4734 0.000308691 0.000320872 -0.000243351
12.5016 0.000320288 0.000333564 -0.000251281
12.5299 0.000331811 0.0003448 -0.000261889
12.5582 0.000343321 0.000355758 -0.000273012
12.5865 0.000354831 0.000366715 -0.000284134
12.6148 0.000366341 0.000377672 -0.000295256
12.6431 0.000383043 0.000394341 -0.000308587
12.6714 0.000407271 0.000419288 -0.000325118
12.6996 0.000431498 0.000444234 -0.000341649
12.7279 0.000455709 0.000469142 -0.000358256
12.7562 0.000478505 0.00049076 -0.000381449
12.7845 0.0005013 0.000512378 -0.000404642
12.8128 0.000524096 0.000533996 -0.000427836
12.8411 0.000546891 0.000555613 -0.000451029
12.8693 0.000569687 0.000577231 -0.000474222
12.8976 0.000602829 0.0006076 -0.000501871
12.9259 0.000640172 0.000641521 -0.000531329
12.9542 0.000677515 0.000675442 -0.000560787
12.9825 0.000714858 0.000709364 -0.000590245
13.0108 0.000752201 0.000743285 -0.000619703
13.039 0.000789544 0.000777206 -0.000649161
13.0673 0.000841389 0.000830792 -0.000694048
13.0956 0.000914743 0.000901561 -0.000751935
13.1239 0.00100048 0.000978186 -0.000813976
13.1522 0.00108622 0.00105481 -0.000876017
13.1805 0.00116915 0.00112969 -0.000946483
13.2088 0.00125098 0.00120389 -0.00102024
13.237 0.00135197 0.00129765 -0.00111054
13.2653 0.00147866 0.0014239 -0.0012319
13.2936 0.00157541 0.00155307 -0.00137502
13.3219 0.00167216 0.00168224 -0.00151813
13.3502 0.00182368 0.00184545 -0.00170156
13.3785 0.00199754 0.00202255 -0.00190143
13.4067 0.00219029 0.00221783 -0.00212156
13.435 0.00254448 0.00251827 -0.0025166
13.4633 0.00289867 0.00281871 -0.00291164
13.4916 0.00332705 0.00319805 -0.00351781
13.5199 0.00374012 0.00368228 -0.00423698
13.5482 0.00432411 0.00435899 -0.00534339
13.5765 0.00541936 0.00529791 -0.00718034
13.6047 0.00638283 0.00668242 -0.0102479
13.633 0.00848596 0.00845908 -0.0159574
13.6613 0 0 0
13.6896 0 0 0
13.7179 0 0 0
13.7462 0 0 0
13.7744 0 0 0
13.8027 0 0 0
13.831 0 0 0
13.8593 0 0 0
13.8876 0 0 0
13.9159 0 0 0
13.9441 0 0 0
13.9724 0 0 0
14.0007 0 0 0
14.029 0 0 0
14.0573 0 0 0
14.0856 0 0 0
14.1139 0 0 0
14.1421 0 0 0
14.1704 0 0 0
14.1987 0 0 0
14.227 0 0 0
14.2553 0 0 0
14.2836 0 0 0
14.3118 0 0 0
14.3401 0 0 0
14.3684 0 0 0
14.3967 0 0 0
14.425 0 0 0
14.4533 0 0 0
14.4815 0 0 0
14.5098 0 0 0
14.5381 0 0 0
14.5664 0 0 0
14.5947 0 0 0
14.623 0 0 0
14.6513 0.00851566 0.00849649 -0.0159942
14.6795 0.00647386 0.00672523 -0.0102803
14.7078 0.00546887 0.00536209 -0.0071426
14.7361 0.00432845 0.00433072 -0.00534964
14.7644 0.00375912 0.00376309 -0.00429394
14.7927 0.00327475 0.00325119 -0.00352799
14.821 0.00279796 0.00280322 -0.00290625
14.8492 0.00251521 0.00251205 -0.00251584
14.8775 0.00225085 0.00223574 -0.00214736
14.9058 0.00204547 0.0020071 -0.00188506
14.9341 0.00186574 0.00183899 -0.0016999
14.9624 0.00168602 0.00167089 -0.00151474
14.9907 0.00154829 0.00153792 -0.00137268
15.0189 0.00143305 0.00142374 -0.00125367
15.0472 0.0013178 0.00130957 -0.00113466
15.0755 0.00120178 0.00119334 -0.00101575
15.1038 0.0011186 0.00111137 -0.000941537
15.1321 0.00104458 0.00104285 -0.000879713
15.1604 0.000970556 0.000974325 -0.000817888
15.1887 0.000896535 0.000905803 -0.000756064
15.2169 0.000822515 0.00083728 -0.00069424
15.2452 0.000784273 0.00079868 -0.00065431
15.2735 0.000754021 0.000766762 -0.000619268
15.3018 0.000723768 0.000734844 -0.000584227
15.3301 0.000689966 0.000696224 -0.000550787
15.3584 0.000650754 0.000647391 -0.000519785
15.3866 0.000611542 0.000598557 -0.000488784
15.4149 0.000579145 0.000561487 -0.000461754
15.4432 0.000556633 0.000541477 -0.000440485
15.4715 0.000534121 0.000521467 -0.000419216
15.4998 0.000511608 0.000501457 -0.000397947
15.5281 0.00048611 0.000479286 -0.000380774
15.5563 0.00046027 0.000456867 -0.000364072
15.5846 0.000434429 0.000434449 -0.00034737
15.6129 0.000408588 0.00041203 -0.000330667
15.6412 0.000386783 0.000392249 -0.000315297
15.6695 0.000375919 0.000379617 -0.000303538
15.6978 0.000365055 0.000366986 -0.000291779
15.7261 0.000354191 0.000354355 -0.000280019
15.7543 0.000343327 0.000341724 -0.00026826
15.7826 0.00033249 0.000328982 -0.000256816
15.8109 0.000321842 0.000315471 -0.000247571
15.8392 0.000311195 0.000301959 -0.000238325
15.8675 0.000300547 0.000288448 -0.00022908
15.8958 0.0002899 0.000274937 -0.000219835
15.924 0.000279253 0.000261425 -0.00021059
15.9523 0.000271526 0.000252972 -0.000203467
15.9806 0.000264982 0.000246564 -0.000197202
16.0089 0.000258437 0.000240157 -0.000190937
16.0372 0.000251893 0.000233749 -0.000184672
16.0655 0.000245348 0.000227342 -0.000178406
16.0938 0.000238803 0.000220934 -0.000172141
16.122 0.000230581 0.000214005 -0.000166726
16.1503 0.000221622 0.000206847 -0.000161683
16.1786 0.000212663 0.000199689 -0.00015664
16.2069 0.000203704 0.00019253 -0.000151597
16.2352 0.000194745 0.000185372 -0.000146554
16.2635 0.000185785 0.000178214 -0.000141512
16.2917 0.000176826 0.000171056 -0.000136469
16.32 0.000169112 0.000164869 -0.000131781
16.3483 0.000165293 0.000161723 -0.000128205
16.3766 0.000161474 0.000158577 -0.000124628
16.4049 0.000157655 0.000155431 -0.000121052
16.4332 0.000153835 0.000152285 -0.000117476
16.4614 0.000150016 0.000149139 -0.000113899
16.4897 0.000146197 0.000145993 -0.000110323
16.518 0.000141783 0.000141906 -0.000107274
16.5463 0.000137001 0.000137238 -0.000104552
16.5746 0.000132219 0.00013257 -0.000101829
16.6029 0.000127437 0.000127902 -9.91069e-05
16.6312 0.000122655 0.000123234 -9.63844e-05
16.6594 0.000117873 0.000118566 -9.36619e-05
16.6877 0.000113091 0.000113898 -9.09393e-05
16.716 0.000108309 0.00010923 -8.82168e-05
16.7443 0.000103527 0.000104562 -8.54943e-05
16.7726 9.93965e-05 0.000100508 -8.30395e-05
16.8009 9.75815e-05 9.86353e-05 -8.15366e-05
16.8291 9.57665e-05 9.67631e-05 -8.00338e-05
16.8574 9.39515e-05 9.48908e-05 -7.85309e-05
16.8857 9.21364e-05 9.30186e-05 -7.70281e-05
16.914 9.03214e-05 9.11463e-05 -7.55252e-05
16.9423 8.85064e-05 8.92741e-05 -7.40223e-05
16.9706 8.66914e-05 8.74019e-05 -7.25195e-05
16.9988 8.48764e-05 8.55296e-05 -7.10166e-05
17.0271 8.30613e-05 8.36574e-05 -6.95138e-05
17.0554 8.12463e-05 8.17852e-05 -6.80109e-05
17.0837 7.94313e-05 7.99129e-05 -6.65081e-05
17.112 7.76163e-05 7.80407e-05 -6.50052e-05
17.1403 7.58012e-05 7.61685e-05 -6.35023e-05
17.1686 7.39862e-05 7.42962e-05 -6.19995e-05
17.1968 7.21712e-05 7.2424e-05 -6.04966e-05
17.2251 7.03562e-05 7.05517e-05 -5.89938e-05
17.2534 6.85412e-05 6.86795e-05 -5.74909e-05
17.2817 6.67261e-05 6.68073e-05 -5.59881e-05
17.31 6.49111e-05 6.4935e-05 -5.44852e-05
17.3383 6.30961e-05 6.30628e-05 -5.29823e-05
17.3665 6.12811e-05 6.11906e-05 -5.14795e-05
17.3948 5.94918e-05 5.93156e-05 -4.99016e-05
17.4231 5.77545e-05 5.74352e-05 -4.81728e-05
17.4514 5.64876e-05 5.61216e-05 -4.69959e-05
17.4797 5.56252e-05 5.52952e-05 -4.62935e-05
17.508 5.47627e-05 5.44688e-05 -4.55911e-05
17.5362 5.39002e-05 5.36424e-05 -4.48888e-05
17.5645 5.28307e-05 5.26272e-05 -4.41545e-05
17.5928 5.17071e-05 5.15628e-05 -4.3412e-05
17.6211 5.05836e-05 5.04984e-05 -4.26694e-05
17.6494 4.94601e-05 4.94341e-05 -4.19269e-05
17.6777 4.83366e-05 4.83697e-05 -4.11843e-05
17.706 4.72131e-05 4.73054e-05 -4.04418e-05
17.7342 4.60896e-05 4.6241e-05 -3.96993e-05
17.7625 4.49661e-05 4.51766e-05 -3.89567e-05
17.7908 4.38426e-05 4.41123e-05 -3.82142e-05
17.8191 4.27191e-05 4.30479e-05 -3.74716e-05
17.8474 4.15956e-05 4.19835e-05 -3.67291e-05
17.8757 4.04721e-05 4.09192e-05 -3.59866e-05
17.9039 3.93486e-05 3.98548e-05 -3.5244e-05
17.9322 3.82251e-05 3.87905e-05 -3.45015e-05
17.9605 3.71016e-05 3.77261e-05 -3.37589e-05
17.9888 3.59781e-05 3.66617e-05 -3.30164e-05
18.0171 3.48546e-05 3.55974e-05 -3.22739e-05
18.0454 3.37311e-05 3.4533e-05 -3.15313e-05
18.0736 3.26076e-05 3.34686e-05 -3.07888e-05
18.1019 3.14841e-05 3.24043e-05 -3.00462e-05
18.1302 3.03606e-05 3.13399e-05 -2.93037e-05
18.1585 2.92371e-05 3.02756e-05 -2.85611e-05
18.1868 2.81136e-05 2.92112e-05 -2.78186e-05
18.2151 2.69901e-05 2.81468e-05 -2.70761e-05
18.2434 2.58666e-05 2.70825e-05 -2.63335e-05
18.2716 2.47431e-05 2.60181e-05 -2.5591e-05
18.2999 2.36196e-05 2.49537e-05 -2.48484e-05
18.3282 2.29156e-05 2.42685e-05 -2.43454e-05
18.3565 2.24703e-05 2.38169e-05 -2.39901e-05
18.3848 2.2025e-05 2.33653e-05 -2.36347e-05
18.4131 2.15798e-05 2.29136e-05 -2.32794e-05
18.4413 2.11345e-05 2.2462e-05 -2.2924e-05
18.4696 2.06892e-05 2.20104e-05 -2.25687e-05
18.4979 2.02439e-05 2.15588e-05 -2.22133e-05
18.5262 1.97986e-05 2.11072e-05 -2.1858e-05
18.5545 1.93533e-05 2.06556e-05 -2.15026e-05
18.5828 1.8908e-05 2.0204e-05 -2.11473e-05
18.6111 1.84627e-05 1.97524e-05 -2.07919e-05
18.6393 1.80174e-05 1.93008e-05 -2.04366e-05
18.6676 1.75721e-05 1.88492e-05 -2.00812e-05
18.6959 1.71268e-05 1.83976e-05 -1.97259e-05
18.7242 1.66816e-05 1.7946e-05 -1.93705e-05
18.7525 1.62363e-05 1.74944e-05 -1.90152e-05
18.7808 1.5791e-05 1.70428e-05 -1.86598e-05
18.809 1.53457e-05 1.65912e-05 -1.83045e-05
18.8373 1.49004e-05 1.61396e-05 -1.79491e-05
18.8656 1.44551e-05 1.5688e-05 -1.75938e-05
18.8939 1.40098e-05 1.52364e-05 -1.72384e-05
18.9222 1.35645e-05 1.47848e-05 -1.68831e-05
18.9505 1.31192e-05 1.43332e-05 -1.65277e-05
18.9787 1.26739e-05 1.38816e-05 -1.61724e-05
19.007 1.22286e-05 1.343e-05 -1.5817e-05
19.0353 1.17833e-05 1.29784e-05 -1.54617e-05
19.0636 1.13381e-05 1.25268e-05 -1.51063e-05
19.0919 1.08928e-05 1.20752e-05 -1.4751e-05
19.1202 1.04437e-05 1.15663e-05 -1.44059e-05
19.1485 9.99147e-06 1.10109e-05 -1.40691e-05
19.1767 9.53928e-06 1.04556e-05 -1.37324e-05
19.205 9.08708e-06 9.90023e-06 -1.33957e-05
19.2333 8.63489e-06 9.34487e-06 -1.30589e-05
19.2616 8.18269e-06 8.78951e-06 -1.27222e-05
19.2899 7.7305e-06 8.23416e-06 -1.23854e-05
19.3182 7.27831e-06 7.6788e-06 -1.20487e-05
19.3464 6.82611e-06 7.12344e-06 -1.17119e-05
19.3747 6.37392e-06 6.56809e-06 -1.13752e-05
19.403 5.92172e-06 6.01273e-06 -1.10384e-05
19.4313 5.46953e-06 5.45737e-06 -1.07017e-05
19.4596 5.2375e-06 5.19345e-06 -1.05129e-05
19.4879 5.06338e-06 5.00618e-06 -1.03631e-05
19.5161 4.88926e-06 4.81892e-06 -1.02132e-05
19.5444 4.71514e-06 4.63165e-06 -1.00634e-05
19.5727 4.54102e-06 4.44438e-06 -9.91352e-06
19.601 4.3669e-06 4.25711e-06 -9.76368e-06
19.6293 4.19278e-06 4.06985e-06 -9.61384e-06
19.6576 4.01866e-06 3.88258e-06 -9.46399e-06
19.6859 3.84454e-06 3.69531e-06 -9.31415e-06
19.7141 3.67042e-06 3.50804e-06 -9.1643e-06
19.7424 3.4963e-06 3.32078e-06 -9.01446e-06
19.7707 3.28533e-06 3.1186e-06 -8.90113e-06
19.799 3.07247e-06 2.91567e-06 -8.78966e-06
19.8273 2.85961e-06 2.71274e-06 -8.67819e-06
19.8556 2.64676e-06 2.50981e-06 -8.56672e-06
19.8838 2.4339e-06 2.30687e-06 -8.45525e-06
19.9121 2.22105e-06 2.10394e-06 -8.34379e-06
19.9404 2.00819e-06 1.90101e-06 -8.23232e-06
19.9687 1.79534e-06 1.69808e-06 -8.12085e-06
19.997 1.58248e-06 1.49514e-06 -8.00938e-06
20.0253 1.36963e-06 1.29221e-06 -7.89791e-06
20.0535 1.15677e-06 1.08928e-06 -7.78644e-06
20.0818 9.43916e-07 8.86347e-07 -7.67498e-06
20.1101 7.31061e-07 6.83414e-07 -7.56351e-06
20.1384 5.18206e-07 4.80482e-07 -7.45204e-06
20.1667 3.0535e-07 2.77549e-07 -7.34057e-06
20.195 9.24951e-08 7.46167e-08 -7.2291e-06
20.2233 -1.2036e-07 -1.28316e-07 -7.11763e-06
20.2515 -3.33216e-07 -3.31248e-07 -7.00617e-06
20.2798 -5.46071e-07 -5.34181e-07 -6.8947e-06
20.3081 -7.58926e-07 -7.37113e-07 -6.78323e-06
20.3364 -9.71782e-07 -9.40046e-07 -6.67176e-06
20.3647 -1.18464e-06 -1.14298e-06 -6.56029e-06
20.393 -1.39749e-06 -1.34591e-06 -6.44882e-06
20.4212 -1.61035e-06 -1.54884e-06 -6.33735e-06
20.4495 -1.8232e-06 -1.75178e-06 -6.22589e-06
20.4778 -2.03606e-06 -1.95471e-06 -6.11442e-06
20.5061 -2.24891e-06 -2.15764e-06 -6.00295e-06
20.5344 -2.46177e-06 -2.36057e-06 -5.89148e-06
20.5627 -2.67462e-06 -2.56351e-06 -5.78001e-06
20.5909 -2.88748e-06 -2.76644e-06 -5.66854e-06
20.6192 -3.10033e-06 -2.96937e-06 -5.55708e-06
20.6475 -3.31319e-06 -3.1723e-06 -5.44561e-06
20.6758 -3.52605e-06 -3.37524e-06 -5.33414e-06
20.7041 -3.7389e-06 -3.57817e-06 -5.22267e-06
20.7324 -3.95176e-06 -3.7811e-06 -5.1112e-06
20.7607 -4.16461e-06 -3.98403e-06 -4.99973e-06
20.7889 -4.37747e-06 -4.18697e-06 -4.88827e-06
20.8172 -4.59032e-06 -4.3899e-06 -4.7768e-06
20.8455 -4.80318e-06 -4.59283e-06 -4.66533e-06
20.8738 -4.98457e-06 -4.76611e-06 -4.56929e-06
20.9021 -5.04203e-06 -4.82261e-06 -4.534e-06
20.9304 -5.0995e-06 -4.8791e-06 -4.49871e-06
20.9586 -5.15696e-06 -4.9356e-06 -4.46343e-06
20.9869 -5.21442e-06 -4.99209e-06 -4.42814e-06
21.0152 -5.27189e-06 -5.04858e-06 -4.39286e-06
21.0435 -5.32935e-06 -5.10508e-06 -4.35757e-06
21.0718 -5.38681e-06 -5.16157e-06 -4.32228e-06
21.1001 -5.44428e-06 -5.21807e-06 -4.287e-06
21.1284 -5.50174e-06 -5.27456e-06 -4.25171e-06
21.1566 -5.5592e-06 -5.33106e-06 -4.21642e-06
21.1849 -5.61667e-06 -5.38755e-06 -4.18114e-06
21.2132 -5.67413e-06 -5.44405e-06 -4.14585e-06
21.2415 -5.7316e-06 -5.50054e-06 -4.11057e-06
21.2698 -5.78906e-06 -5.55704e-06 -4.07528e-06
21.2981 -5.84652e-06 -5.61353e-06 -4.03999e-06
21.3263 -5.90399e-06 -5.67002e-06 -4.00471e-06
21.3546 -5.96145e-06 -5.72652e-06 -3.96942e-06
21.3829 -6.01891e-06 -5.78301e-06 -3.93414e-06
21.4112 -6.07638e-06 -5.83951e-06 -3.89885e-06
21.4395 -6.13384e-06 -5.896e-06 -3.86356e-06
21.4678 -6.1913e-06 -5.9525e-06 -3.82828e-06
21.496 -6.24877e-06 -6.00899e-06 -3.79299e-06
21.5243 -6.30623e-06 -6.06549e-06 -3.75771e-06
21.5526 -6.36369e-06 -6.12198e-06 -3.72242e-06
21.5809 -6.42116e-06 -6.17847e-06 -3.68713e-06
21.6092 -6.47862e-06 -6.23497e-06 -3.65185e-06
21.6375 -6.53609e-06 -6.29146e-06 -3.61656e-06
21.6658 -6.59355e-06 -6.34796e-06 -3.58127e-06
21.694 -6.65101e-06 -6.40445e-06 -3.54599e-06
21.7223 -6.70848e-06 -6.46095e-06 -3.5107e-06
21.7506 -6.76594e-06 -6.51744e-06 -3.47542e-06
21.7789 -6.8234e-06 -6.57394e-06 -3.44013e-06
21.8072 -6.88087e-06 -6.63043e-06 -3.40484e-06
21.8355 -6.93833e-06 -6.68693e-06 -3.36956e-06
21.8637 -6.99579e-06 -6.74342e-06 -3.33427e-06
21.892 -7.05326e-06 -6.79991e-06 -3.29899e-06
21.9203 -7.11072e-06 -6.85641e-06 -3.2637e-06
21.9486 -7.16818e-06 -6.9129e-06 -3.22841e-06
21.9769 -7.22565e-06 -6.9694e-06 -3.19313e-06
22.0052 -7.28311e-06 -7.02589e-06 -3.15784e-06
22.0334 -7.34058e-06 -7.08239e-06 -3.12256e-06
22.0617 -7.40173e-06 -7.157e-06 -3.10108e-06
22.09 -7.46301e-06 -7.23225e-06 -3.0801e-06
22.1183 -7.52429e-06 -7.30751e-06 -3.05912e-06
22.1466 -7.58557e-06 -7.38276e-06 -3.03815e-06
22.1749 -7.64685e-06 -7.45802e-06 -3.01717e-06
22.2032 -7.70813e-06 -7.53327e-06 -2.99619e-06
22.2314 -7.76941e-06 -7.60853e-06 -2.97521e-06
22.2597 -7.8307e-06 -7.68378e-06 -2.95423e-06
22.288 -7.89198e-06 -7.75904e-06 -2.93325e-06
22.3163 -7.95326e-06 -7.83429e-06 -2.91227e-06
22.3446 -8.01454e-06 -7.90955e-06 -2.89129e-06
22.3729 -8.07582e-06 -7.9848e-06 -2.87031e-06
22.4011 -8.1371e-06 -8.06006e-06 -2.84933e-06
22.4294 -8.19839e-06 -8.13531e-06 -2.82835e-06
22.4577 -8.25967e-06 -8.21057e-06 -2.80737e-06
22.486 -8.32095e-06 -8.28582e-06 -2.78639e-06
22.5143 -8.35489e-06 -8.33234e-06 -2.77486e-06
22.5426 -8.33128e-06 -8.31837e-06 -2.78322e-06
22.5708 -8.30768e-06 -8.30441e-06 -2.79158e-06
22.5991 -8.28407e-06 -8.29045e-06 -2.79994e-06
22.6274 -8.26047e-06 -8.27648e-06 -2.8083e-06
22.6557 -8.23686e-06 -8.26252e-06 -2.81666e-06
22.684 -8.21325e-06 -8.24855e-06 -2.82502e-06
22.7123 -8.18965e-06 -8.23459e-06 -2.83338e-06
22.7406 -8.16604e-06 -8.22062e-06 -2.84174e-06
22.7688 -8.14244e-06 -8.20666e-06 -2.8501e-06
22.7971 -8.11883e-06 -8.1927e-06 -2.85846e-06
22.8254 -8.09523e-06 -8.17873e-06 -2.86682e-06
22.8537 -8.07162e-06 -8.16477e-06 -2.87518e-06
22.882 -8.06032e-06 -8.15372e-06 -2.89302e-06
22.9103 -8.0564e-06 -8.14442e-06 -2.91653e-06
22.9385 -8.05248e-06 -8.13512e-06 -2.94004e-06
22.9668 -8.04855e-06 -8.12582e-06 -2.96355e-06
22.9951 -8.04463e-06 -8.11652e-06 -2.98707e-06
23.0234 -8.04071e-06 -8.10722e-06 -3.01058e-06
23.0517 -8.03679e-06 -8.09792e-06 -3.03409e-06
23.08 -8.03286e-06 -8.08862e-06 -3.05761e-06
23.1082 -8.02894e-06 -8.07932e-06 -3.08112e-06
23.1365 -8.02502e-06 -8.07002e-06 -3.10463e-06
23.1648 -8.0211e-06 -8.06071e-06 -3.12815e-06
23.1931 -8.01717e-06 -8.05141e-06 -3.15166e-06
23.2214 -8.01325e-06 -8.04211e-06 -3.17517e-06
23.2497 -8.00933e-06 -8.03281e-06 -3.19869e-06
23.278 -8.0054e-06 -8.02351e-06 -3.2222e-06
23.3062 -8.00148e-06 -8.01421e-06 -3.24571e-06
23.3345 -7.99756e-06 -8.00491e-06 -3.26923e-06
23.3628 -7.99364e-06 -7.99561e-06 -3.29274e-06
23.3911 -7.98971e-06 -7.98631e-06 -3.31625e-06
23.4194 -7.98579e-06 -7.97701e-06 -3.33977e-06
23.4477 -7.98187e-06 -7.96771e-06 -3.36328e-06
23.4759 -7.97795e-06 -7.95841e-06 -3.38679e-06
23.5042 -7.97402e-06 -7.94911e-06 -3.41031e-06
23.5325 -7.9701e-06 -7.93981e-06 -3.43382e-06
23.5608 -7.96618e-06 -7.93051e-06 -3.45733e-06
23.5891 -7.96226e-06 -7.92121e-06 -3.48085e-06
23.6174 -7.95833e-06 -7.91191e-06 -3.50436e-06
23.6457 -7.95441e-06 -7.90261e-06 -3.52787e-06
23.6739 -7.95049e-06 -7.8933e-06 -3.55139e-06
23.7022 -7.94657e-06 -7.884e-06 -3.5749e-06
23.7305 -7.94264e-06 -7.8747e-06 -3.59841e-06
23.7588 -7.93872e-06 -7.8654e-06 -3.62193e-06
23.7871 -7.9348e-06 -7.8561e-06 -3.64544e-06
23.8154 -7.93088e-06 -7.8468e-06 -3.66895e-06
23.8436 -7.92695e-06 -7.8375e-06 -3.69247e-06
23.8719 -7.92303e-06 -7.8282e-06 -3.71598e-06
23.9002 -7.91911e-06 -7.8189e-06 -3.73949e-06
23.9285 -7.91519e-06 -7.8096e-06 -3.76301e-06
23.9568 -7.91126e-06 -7.8003e-06 -3.78652e-06
23.9851 -7.90734e-06 -7.791e-06 -3.81003e-06
24.0133 -7.90342e-06 -7.7817e-06 -3.83355e-06
24.0416 -7.8995e-06 -7.7724e-06 -3.85706e-06
24.0699 -7.89557e-06 -7.7631e-06 -3.88057e-06
24.0982 -7.89165e-06 -7.7538e-06 -3.90408e-06
24.1265 0 0 0
24.1548 0 0 0
24.1831 0 0 0
24.2113 0 0 0
24.2396 0 0 0
24.2679 0 0 0
24.2962 0 0 0
24.3245 0 0 0
24.3528 0 0 0
24.381 0 0 0
24.4093 0 0 0
24.4376 0 0 0
24.4659 0 0 0
24.4942 0 0 0
24.5225 0 0 0
24.5507 0 0 0
24.579 0 0 0
24.6073 0 0 0
24.6356 0 0 0
24.6639 0 0 0
24.6922 0 0 0
24.7205 0 0 0
24.7487 0 0 0
24.777 0 0 0
24.8053 0 0 0
24.8336 0 0 0
24.8619 0 0 0
24.8902 0 0 0
24.9184 0 0 0
24.9467 0 0 0
24.975 0 0 0
25.0033 0 0 0
25.0316 0 0 0
25.0599 0 0 0
25.0881 0 0 0
25.1164 0 0 0
25.1447 0 0 0
25.173 0 0 0
25.2013 0 0 0
25.2296 0 0 0
25.2579 0 0 0
25.2861 0 0 0
25.3144 0 0 0
25.3427 0 0 0
25.371 0 0 0
25.3993 0 0 0
25.4276 0 0 0
25.4558 0 0 0
25.4841 0 0 0
25.5124 0 0 0
25.5407 0 0 0
25.569 0 0 0
25.5973 0 0 0
25.6255 0 0 0
25.6538 0 0 0
25.6821 0 0 0
25.7104 0 0 0
25.7387 0 0 0
25.767 0 0 0
25.7953 0 0 0
25.8235 0 0 0
25.8518 0 0 0
25.8801 0 0 0
25.9084 0 0 0
25.9367 0 0 0
25.965 0 0 0
25.9932 0 0 0
26.0215 0 0 0
26.0498 0 0 0
26.0781 0 0 0
26.1064 0 0 0
26.1347 0 0 0
26.163 0 0 0
26.1912 0 0 0
26.2195 0 0 0
26.2478 0 0 0
26.2761 0 0 0
26.3044 0 0 0
26.3327 0 0 0
26.3609 0 0 0
26.3892 0 0 0
26.4175 0 0 0
26.4458 0 0 0
26.4741 0 0 0
26.5024 0 0 0
26.5306 0 0 0
26.5589 0 0 0
26.5872 0 0 0
26.6155 0 0 0
26.6438 0 0 0
26.6721 0 0 0
26.7004 0 0 0
26.7286 0 0 0
26.7569 0 0 0
26.7852 0 0 0
26.8135 0 0 0
26.8418 0 0 0
26.8701 0 0 0
26.8983 0 0 0
26.9266 0 0 0
26.9549 0 0 0
26.9832 0 0 0
27.0115 0 0 0
27.0398 0 0 0
27.068 0 0 0
27.0963 0 0 0
27.1246 0 0 0
27.1529 0 0 0
27.1812 0 0 0
27.2095 0 0 0
27.2378 0 0 0
27.266 0 0 0
27.2943 0 0 0
27.3226 0 0 0
27.3509 0 0 0
27.3792 0 0 0
27.4075 0 0 0
27.4357 0 0 0
27.464 0 0 0
27.4923 0 0 0
27.5206 0 0 0
27.5489 0 0 0
27.5772 0 0 0
27.6054 0 0 0
27.6337 0 0 0
27.662 0 0 0
27.6903 0 0 0
27.7186 0 0 0
27.7469 0 0 0
27.7752 0 0 0
27.8034 0 0 0
27.8317 0 0 0
27.86 0 0 0
27.8883 0 0 0
27.9166 0 0 0
27.9449 0 0 0
27.9731 0 0 0
28.0014 0 0 0
28.0297 0 0 0
28.058 0 0 0
28.0863 0 0 0
28.1146 0 0 0
28.1428 0 0 0
28.1711 0 0 0
28.1994 0 0 0
28.2277 0 0 0
28.256 0 0 0
28.2843 0 0 0
