0.0565685 0 0 0
0.113137 0 0 0
0.169706 0 0 0
0.226274 0 0 0
0.282843 0 0 0
0.339411 0 0 0
0.39598 0 0 0
0.452548 0 0 0
0.509117 0 0 0
0.565685 0 0 0
0.622254 0 0 0
0.678823 0 0 0
0.735391 0 0 0
0.79196 0 0 0
0.848528 0 0 0
0.905097 0 0 0
0.961665 0 0 0
1.01823 0 0 0
1.0748 0 0 0
1.13137 0 0 0
1.18794 0 0 0
1.24451 0 0 0
1.30108 0 0 0
1.35765 0 0 0
1.41421 0 0 0
1.47078 0 0 0
1.52735 0 0 0
1.58392 0 0 0
1.64049 0 0 0
1.69706 0 0 0
1.75362 0 0 0
1.81019 0 0 0
1.86676 0 0 0
1.92333 0 0 0
1.9799 0 0 0
2.03647 0 0 0
2.09304 0 0 0
2.1496 0 0 0
2.20617 0 0 0
2.26274 0 0 0
2.31931 0 0 0
2.37588 0 0 0
2.43245 0 0 0
2.48902 0 0 0
2.54558 0 0 0
2.60215 0 0 0
2.65872 0 0 0
2.71529 0 0 0
2.77186 0 0 0
2.82843 0 0 0
2.885 0 0 0
2.94156 0 0 0
2.99813 0 0 0
3.0547 0 0 0
3.11127 0 0 0
3.16784 0 0 0
3.22441 0 0 0
3.28098 0 0 0
3.33754 0 0 0
3.39411 0 0 0
3.45068 0 0 0
3.50725 0 0 0
3.56382 0 0 0
3.62039 0 0 0
3.67696 0 0 0
3.73352 0 0 0
3.79009 0 0 0
3.84666 0 0 0
3.90323 0 0 0
3.9598 0 0 0
4.01637 0 0 0
4.07294 0 0 0
4.1295 0 0 0
4.18607 -6.8107e-06 -6.73983e-06 -3.46472e-06
4.24264 -6.81079e-06 -6.7207e-06 -3.47851e-06
4.29921 -6.81088e-06 -6.70158e-06 -3.49229e-06
4.35578 -6.81097e-06 -6.68246e-06 -3.50608e-06
4.41235 -6.81106e-06 -6.66334e-06 -3.51987e-06
4.46891 -6.81115e-06 -6.64421e-06 -3.53366e-06
4.52548 -6.81124e-06 -6.62509e-06 -3.54745e-06
4.58205 -6.81133e-06 -6.60597e-06 -3.56123e-06
4.63862 -6.81424e-06 -6.59936e-06 -3.56791e-06
4.69519 -6.82029e-06 -6.60666e-06 -3.56669e-06
4.75176 -6.82634e-06 -6.61396e-06 -3.56547e-06
4.80833 -6.83239e-06 -6.62126e-06 -3.56424e-06
4.86489 -6.83843e-06 -6.62857e-06 -3.56302e-06
4.92146 -6.84448e-06 -6.63587e-06 -3.5618e-06
4.97803 -6.85053e-06 -6.64317e-06 -3.56058e-06
5.0346 -6.85658e-06 -6.65047e-06 -3.55935e-06
5.09117 -6.86263e-06 -6.65777e-06 -3.55813e-06
5.14774 -6.86868e-06 -6.66507e-06 -3.55691e-06
5.20431 -6.87472e-06 -6.67237e-06 -3.55569e-06
5.26087 -6.88077e-06 -6.67967e-06 -3.55446e-06
5.31744 -6.88682e-06 -6.68697e-06 -3.55324e-06
5.37401 -6.89287e-06 -6.69427e-06 -3.55202e-06
5.43058 -6.89892e-06 -6.70158e-06 -3.5508e-06
5.48715 -6.90497e-06 -6.70888e-06 -3.54957e-06
5.54372 -6.91101e-06 -6.71618e-06 -3.54835e-06
5.60029 -6.91706e-06 -6.72348e-06 -3.54713e-06
5.65685 -6.92311e-06 -6.73078e-06 -3.54591e-06
5.71342 -6.92916e-06 -6.73808e-06 -3.54468e-06
5.76999 -6.93521e-06 -6.74538e-06 -3.54346e-06
5.82656 -6.92374e-06 -6.69238e-06 -3.58115e-06
5.88313 -6.89615e-06 -6.58392e-06 -3.65461e-06
5.9397 -6.86856e-06 -6.47546e-06 -3.72808e-06
5.99627 -6.84098e-06 -6.367e-06 -3.80155e-06
6.05283 -6.81339e-06 -6.25854e-06 -3.87502e-06
6.1094 -6.78581e-06 -6.15008e-06 -3.94848e-06
6.16597 -6.75822e-06 -6.04162e-06 -4.02195e-06
6.22254 -6.73064e-06 -5.93316e-06 -4.09542e-06
6.27911 -6.70305e-06 -5.8247e-06 -4.16889e-06
6.33568 -6.67547e-06 -5.71624e-06 -4.24235e-06
6.39225 -6.64788e-06 -5.60778e-06 -4.31582e-06
6.44881 -6.6203e-06 -5.49933e-06 -4.38929e-06
6.50538 -6.59271e-06 -5.39087e-06 -4.46276e-06
6.56195 -6.56512e-06 -5.28241e-06 -4.53623e-06
6.61852 -6.53754e-06 -5.17395e-06 -4.60969e-06
6.67509 -6.50995e-06 -5.06549e-06 -4.68316e-06
6.73166 -6.48237e-06 -4.95703e-06 -4.75663e-06
6.78823 -6.45478e-06 -4.84857e-06 -4.8301e-06
6.84479 -6.4272e-06 -4.74011e-06 -4.90356e-06
6.90136 -6.39961e-06 -4.63165e-06 -4.97703e-06
6.95793 -6.37203e-06 -4.52319e-06 -5.0505e-06
7.0145 -6.34444e-06 -4.41473e-06 -5.12397e-06
7.07107 -6.31686e-06 -4.30627e-06 -5.19743e-06
7.12764 -6.28966e-06 -4.23252e-06 -5.2652e-06
7.1842 -6.2633e-06 -4.23269e-06 -5.32084e-06
7.24077 -6.23694e-06 -4.23286e-06 -5.37647e-06
7.29734 -6.21058e-06 -4.23303e-06 -5.43211e-06
7.35391 -6.18422e-06 -4.2332e-06 -5.48774e-06
7.41048 -6.15786e-06 -4.23336e-06 -5.54338e-06
7.46705 -6.12097e-06 -4.20796e-06 -5.62562e-06
7.52362 -6.01487e-06 -4.01452e-06 -5.88279e-06
7.58018 -5.90878e-06 -3.82108e-06 -6.13995e-06
7.63675 -5.80269e-06 -3.62763e-06 -6.39712e-06
7.69332 -5.65935e-06 -3.49709e-06 -6.62202e-06
7.74989 -5.51282e-06 -3.37194e-06 -6.84416e-06
7.80646 -5.36629e-06 -3.24679e-06 -7.0663e-06
7.86303 -5.21977e-06 -3.12163e-06 -7.28843e-06
7.9196 -5.07324e-06 -2.99648e-06 -7.51057e-06
7.97616 -4.92671e-06 -2.87133e-06 -7.73271e-06
8.03273 -4.78018e-06 -2.74617e-06 -7.95485e-06
8.0893 -4.63366e-06 -2.62102e-06 -8.17699e-06
8.14587 -4.48713e-06 -2.49586e-06 -8.39913e-06
8.20244 -4.3406e-06 -2.37071e-06 -8.62127e-06
8.25901 -4.19407e-06 -2.24556e-06 -8.84341e-06
8.31558 -4.04755e-06 -2.1204e-06 -9.06555e-06
8.37214 -3.90102e-06 -1.99525e-06 -9.28768e-06
8.42871 -3.75449e-06 -1.8701e-06 -9.50982e-06
8.48528 -3.60796e-06 -1.74494e-06 -9.73196e-06
8.54185 -3.46144e-06 -1.61979e-06 -9.9541e-06
8.59842 -3.31491e-06 -1.49464e-06 -1.01762e-05
8.65499 -3.16838e-06 -1.36948e-06 -1.03984e-05
8.71156 -3.02185e-06 -1.24433e-06 -1.06205e-05
8.76812 -2.87533e-06 -1.11917e-06 -1.08427e-05
8.82469 -2.7288e-06 -9.94021e-07 -1.10648e-05
8.88126 -2.58227e-06 -8.68867e-07 -1.12869e-05
8.93783 -2.43574e-06 -7.43714e-07 -1.15091e-05
8.9944 -2.28922e-06 -6.1856e-07 -1.17312e-05
9.05097 -2.14269e-06 -4.93406e-07 -1.19534e-05
9.10754 -1.99616e-06 -3.68253e-07 -1.21755e-05
9.1641 -1.84963e-06 -2.43099e-07 -1.23976e-05
9.22067 -1.50509e-06 4.39773e-08 -1.26735e-05
9.27724 -8.2306e-07 6.07014e-07 -1.30409e-05
9.33381 -1.41033e-07 1.17005e-06 -1.34082e-05
9.39038 5.40994e-07 1.73309e-06 -1.37756e-05
9.44695 1.22302e-06 2.29612e-06 -1.4143e-05
9.50352 1.90505e-06 2.85916e-06 -1.45104e-05
9.56008 2.58707e-06 3.4222e-06 -1.48778e-05
9.61665 3.2691e-06 3.98523e-06 -1.52452e-05
9.67322 3.95113e-06 4.54827e-06 -1.56125e-05
9.72979 4.63315e-06 5.1113e-06 -1.59799e-05
9.78636 5.31518e-06 5.67434e-06 -1.63473e-05
9.84293 5.99721e-06 6.23738e-06 -1.67147e-05
9.89949 6.67923e-06 6.80041e-06 -1.70821e-05
9.95606 7.36126e-06 7.36345e-06 -1.74495e-05
10.0126 8.04329e-06 7.92649e-06 -1.78168e-05
10.0692 8.72531e-06 8.48952e-06 -1.81842e-05
10.1258 9.36926e-06 9.05178e-06 -1.85871e-05
10.1823 9.86914e-06 9.61109e-06 -1.91243e-05
10.2389 1.0369e-05 1.01704e-05 -1.96615e-05
10.2955 1.08689e-05 1.07297e-05 -2.01987e-05
10.352 1.13688e-05 1.1289e-05 -2.07359e-05
10.4086 1.18686e-05 1.18483e-05 -2.12732e-05
10.4652 1.23685e-05 1.24076e-05 -2.18104e-05
10.5217 1.28684e-05 1.29669e-05 -2.23476e-05
10.5783 1.33682e-05 1.35262e-05 -2.28848e-05
10.6349 1.39633e-05 1.41472e-05 -2.42627e-05
10.6915 1.4659e-05 1.48333e-05 -2.65279e-05
10.748 1.53546e-05 1.55194e-05 -2.87932e-05
10.8046 1.60502e-05 1.62055e-05 -3.10584e-05
10.8612 1.67458e-05 1.68915e-05 -3.33236e-05
10.9177 1.74414e-05 1.75776e-05 -3.55888e-05
10.9743 1.8137e-05 1.82637e-05 -3.7854e-05
11.0309 1.88326e-05 1.89498e-05 -4.01193e-05
11.0874 1.95283e-05 1.96359e-05 -4.23845e-05
11.144 2.02239e-05 2.0322e-05 -4.46497e-05
11.2006 2.09195e-05 2.1008e-05 -4.69149e-05
11.2571 2.16151e-05 2.16941e-05 -4.91801e-05
11.3137 2.23107e-05 2.23802e-05 -5.14453e-05
11.3703 2.30063e-05 2.30663e-05 -5.37106e-05
11.4268 2.3739e-05 2.37553e-05 -5.60239e-05
11.4834 2.48416e-05 2.44742e-05 -5.88179e-05
11.54 2.59443e-05 2.51931e-05 -6.16119e-05
11.5966 2.70469e-05 2.59119e-05 -6.44059e-05
11.6531 2.81496e-05 2.66308e-05 -6.71999e-05
11.7097 2.92522e-05 2.73497e-05 -6.9994e-05
11.7663 3.03548e-05 2.80685e-05 -7.2788e-05
11.8228 3.77447e-05 3.52255e-05 -7.61002e-05
11.8794 4.76667e-05 4.49754e-05 -7.96212e-05
11.936 5.75887e-05 5.47254e-05 -8.31421e-05
11.9925 6.74924e-05 6.4489e-05 -8.66794e-05
12.0491 7.56111e-05 7.55857e-05 -9.18039e-05
12.1057 8.37299e-05 8.66824e-05 -9.69283e-05
12.1622 9.18486e-05 9.77791e-05 -0.000102053
12.2188 9.99673e-05 0.000108876 -0.000107177
12.2754 0.000108086 0.000119973 -0.000112302
12.3319 0.000116205 0.000131069 -0.000117426
12.3885 0.000124323 0.000142166 -0.000122551
12.4451 0.000132442 0.000153263 -0.000127675
12.5016 0.000140561 0.000164359 -0.0001328
12.5582 0.00014868 0.000175456 -0.000137924
12.6148 0.000156798 0.000186553 -0.000143049
12.6714 0.000170535 0.000203159 -0.000171117
12.7279 0.000206122 0.000241195 -0.000288426
12.7845 0.000241709 0.000279231 -0.000405736
12.8411 0.000277296 0.000317267 -0.000523046
12.8976 0.000312884 0.000355303 -0.000640356
12.9542 0.000348471 0.000393339 -0.000757666
13.0108 0.000384058 0.000431375 -0.000874976
13.0673 0.000419645 0.000469411 -0.000992286
13.1239 0.000455233 0.000507447 -0.0011096
13.1805 0.00049082 0.000545483 -0.00122691
13.237 0.000526407 0.000583519 -0.00134422
13.2936 0.000631187 0.000689038 -0.00140382
13.3502 0.000828685 0.000884984 -0.0013861
13.4067 0.00102618 0.00108093 -0.00136837
13.4633 0.00122368 0.00127688 -0.00135065
13.5199 0.00142118 0.00147282 -0.00133293
13.5765 0.00161868 0.00166877 -0.0013152
13.633 0.00181617 0.00186471 -0.00129748
13.6896 0.00201367 0.00206066 -0.00127976
13.7462 0.00221117 0.00225661 -0.00126204
13.8027 0 0 0
13.8593 0 0 0
13.9159 0 0 0
13.9724 0 0 0
14.029 0 0 0
14.0856 0 0 0
14.1421 0 0 0
14.1987 0 0 0
14.2553 0 0 0
14.3118 0 0 0
14.3684 0 0 0
14.425 0 0 0
14.4815 0 0 0
14.5381 0 0 0
14.5947 0 0 0
14.6513 0.00331196 0.00321722 -0.00264004
14.7078 0.00291937 0.00288088 -0.00239786
14.7644 0.00252678 0.00254455 -0.00215568
14.821 0.00213419 0.00220821 -0.0019135
14.8775 0.0017416 0.00187188 -0.00167132
14.9341 0.00134901 0.00153554 -0.00142914
14.9907 0.000956416 0.00119921 -0.00118696
15.0472 0.000563825 0.000862871 -0.000944779
15.1038 0.000171234 0.000526536 -0.000702599
15.1604 0.00017401 0.00039937 -0.000670612
15.2169 0.000266198 0.000352272 -0.000684137
15.2735 0.000249364 0.000329208 -0.000634656
15.3301 0.000232531 0.000306143 -0.000585176
15.3866 0.000215697 0.000283079 -0.000535695
15.4432 0.000198864 0.000260014 -0.000486215
15.4998 0.00018203 0.00023695 -0.000436734
15.5563 0.000165196 0.000213886 -0.000387253
15.6129 0.000148363 0.000190821 -0.000337773
15.6695 0.000131529 0.000167757 -0.000288292
15.7261 0.000114696 0.000144692 -0.000238812
15.7826 9.78622e-05 0.000121628 -0.000189331
15.8392 8.10287e-05 9.85636e-05 -0.000139851
15.8958 6.59937e-05 7.62034e-05 -9.41485e-05
15.9523 6.58936e-05 7.22229e-05 -9.2555e-05
16.0089 6.44536e-05 6.80308e-05 -9.13004e-05
16.0655 6.30137e-05 6.38387e-05 -9.00457e-05
16.122 6.15738e-05 5.96466e-05 -8.87911e-05
16.1786 6.01339e-05 5.54546e-05 -8.75365e-05
16.2352 5.86939e-05 5.12625e-05 -8.62819e-05
16.2917 5.7254e-05 4.70704e-05 -8.50273e-05
16.3483 5.58141e-05 4.28783e-05 -8.37727e-05
16.4049 5.43742e-05 3.86862e-05 -8.25181e-05
16.4614 5.29342e-05 3.44941e-05 -8.12635e-05
16.518 5.14943e-05 3.03021e-05 -8.00089e-05
16.5746 5.00544e-05 2.611e-05 -7.87542e-05
16.6312 4.86145e-05 2.19179e-05 -7.74996e-05
16.6877 4.64224e-05 2.2056e-05 -7.45039e-05
16.7443 4.41827e-05 2.24687e-05 -7.13976e-05
16.8009 4.1943e-05 2.28814e-05 -6.82914e-05
16.8574 3.97033e-05 2.32941e-05 -6.51852e-05
16.914 3.74636e-05 2.37068e-05 -6.2079e-05
16.9706 3.52239e-05 2.41195e-05 -5.89728e-05
17.0271 3.29842e-05 2.45322e-05 -5.58666e-05
17.0837 3.00871e-05 2.32988e-05 -5.37282e-05
17.1403 2.71566e-05 2.19815e-05 -5.1639e-05
17.1968 2.42261e-05 2.06642e-05 -4.95499e-05
17.2534 2.12956e-05 1.9347e-05 -4.74607e-05
17.31 1.83651e-05 1.80297e-05 -4.53716e-05
17.3665 1.54345e-05 1.67125e-05 -4.32824e-05
17.4231 1.2504e-05 1.53952e-05 -4.11933e-05
17.4797 9.5735e-06 1.4078e-05 -3.91041e-05
17.5362 6.64298e-06 1.27607e-05 -3.70149e-05
17.5928 3.71246e-06 1.14435e-05 -3.49258e-05
17.6494 7.81944e-07 1.01262e-05 -3.28366e-05
17.706 -8.83788e-07 9.15495e-06 -3.13705e-05
17.7625 -9.93522e-07 8.60933e-06 -3.0671e-05
17.8191 -1.10326e-06 8.06371e-06 -2.99714e-05
17.8757 -1.21299e-06 7.5181e-06 -2.92718e-05
17.9322 -1.32272e-06 6.97248e-06 -2.85723e-05
17.9888 -1.43246e-06 6.42686e-06 -2.78727e-05
18.0454 -1.54219e-06 5.88125e-06 -2.71731e-05
18.1019 -1.65193e-06 5.33563e-06 -2.64736e-05
18.1585 -1.76166e-06 4.79002e-06 -2.5774e-05
18.2151 -1.87139e-06 4.2444e-06 -2.50744e-05
18.2716 -1.98113e-06 3.69878e-06 -2.43749e-05
18.3282 -2.09086e-06 3.15317e-06 -2.36753e-05
18.3848 -2.20059e-06 2.60755e-06 -2.29757e-05
18.4413 -2.31033e-06 2.06193e-06 -2.22762e-05
18.4979 -2.42006e-06 1.51632e-06 -2.15766e-05
18.5545 -2.5298e-06 9.70701e-07 -2.0877e-05
18.6111 -2.63953e-06 4.25084e-07 -2.01775e-05
18.6676 -2.74926e-06 -1.20532e-07 -1.94779e-05
18.7242 -2.859e-06 -6.66148e-07 -1.87783e-05
18.7808 -2.93763e-06 -1.21817e-06 -1.81929e-05
18.8373 -3.01084e-06 -1.7713e-06 -1.76273e-05
18.8939 -3.08405e-06 -2.32443e-06 -1.70617e-05
18.9505 -3.15726e-06 -2.87757e-06 -1.64961e-05
19.007 -3.23047e-06 -3.4307e-06 -1.59306e-05
19.0636 -3.30368e-06 -3.98383e-06 -1.5365e-05
19.1202 -3.37689e-06 -4.53697e-06 -1.47994e-05
19.1767 -3.45616e-06 -4.95924e-06 -1.43079e-05
19.2333 -3.55798e-06 -4.89433e-06 -1.4092e-05
19.2899 -3.6598e-06 -4.82942e-06 -1.38761e-05
19.3464 -3.76163e-06 -4.76451e-06 -1.36602e-05
19.403 -3.86345e-06 -4.6996e-06 -1.34443e-05
19.4596 -3.96527e-06 -4.63468e-06 -1.32284e-05
19.5161 -4.06709e-06 -4.56977e-06 -1.30125e-05
19.5727 -4.16891e-06 -4.50486e-06 -1.27966e-05
19.6293 -4.27073e-06 -4.43995e-06 -1.25807e-05
19.6859 -4.37256e-06 -4.37504e-06 -1.23648e-05
19.7424 -4.47438e-06 -4.31013e-06 -1.21489e-05
19.799 -4.5982e-06 -4.4263e-06 -1.19159e-05
19.8556 -4.72305e-06 -4.55087e-06 -1.16821e-05
19.9121 -4.84789e-06 -4.67545e-06 -1.14484e-05
19.9687 -4.97274e-06 -4.80003e-06 -1.12146e-05
20.0253 -5.09759e-06 -4.9246e-06 -1.09808e-05
20.0818 -5.22243e-06 -5.04918e-06 -1.0747e-05
20.1384 -5.34728e-06 -5.17376e-06 -1.05132e-05
20.195 -5.47212e-06 -5.29833e-06 -1.02794e-05
20.2515 -5.59697e-06 -5.42291e-06 -1.00456e-05
20.3081 -5.72181e-06 -5.54749e-06 -9.81186e-06
20.3647 -5.84666e-06 -5.67207e-06 -9.57808e-06
20.4212 -5.97151e-06 -5.79664e-06 -9.34429e-06
20.4778 -6.09635e-06 -5.92122e-06 -9.11051e-06
20.5344 -6.2212e-06 -6.0458e-06 -8.87672e-06
20.5909 -6.34604e-06 -6.17037e-06 -8.64294e-06
20.6475 -6.47089e-06 -6.29495e-06 -8.40915e-06
20.7041 -6.59574e-06 -6.41953e-06 -8.17537e-06
20.7607 -6.72058e-06 -6.5441e-06 -7.94158e-06
20.8172 -6.84543e-06 -6.66868e-06 -7.7078e-06
20.8738 -6.90152e-06 -6.73264e-06 -7.56686e-06
20.9304 -6.91991e-06 -6.76336e-06 -7.47685e-06
20.9869 -6.93829e-06 -6.79407e-06 -7.38684e-06
21.0435 -6.95668e-06 -6.82479e-06 -7.29683e-06
21.1001 -6.97507e-06 -6.8555e-06 -7.20682e-06
21.1566 -6.99346e-06 -6.88622e-06 -7.11681e-06
21.2132 -7.01184e-06 -6.91693e-06 -7.0268e-06
21.2698 -7.03023e-06 -6.94765e-06 -6.93678e-06
21.3263 -7.04862e-06 -6.97836e-06 -6.84677e-06
21.3829 -7.06701e-06 -7.00908e-06 -6.75676e-06
21.4395 -7.08539e-06 -7.03979e-06 -6.66675e-06
21.496 -7.10378e-06 -7.07051e-06 -6.57674e-06
21.5526 -7.12217e-06 -7.10122e-06 -6.48673e-06
21.6092 -7.14056e-06 -7.13194e-06 -6.39672e-06
21.6658 -7.15894e-06 -7.16265e-06 -6.30671e-06
21.7223 -7.17733e-06 -7.19337e-06 -6.2167e-06
21.7789 -7.19572e-06 -7.22408e-06 -6.12669e-06
21.8355 -7.2141e-06 -7.2548e-06 -6.03667e-06
21.892 -7.23249e-06 -7.28551e-06 -5.94666e-06
21.9486 -7.25088e-06 -7.31623e-06 -5.85665e-06
22.0052 -7.26927e-06 -7.34694e-06 -5.76664e-06
22.0617 -7.33604e-06 -7.43283e-06 -5.65479e-06
22.1183 -7.42124e-06 -7.53973e-06 -5.53462e-06
22.1749 -7.50644e-06 -7.64664e-06 -5.41445e-06
22.2314 -7.59165e-06 -7.75354e-06 -5.29428e-06
22.288 -7.67685e-06 -7.86044e-06 -5.17412e-06
22.3446 -7.76205e-06 -7.96735e-06 -5.05395e-06
22.4011 -7.84726e-06 -8.07425e-06 -4.93378e-06
22.4577 -7.93246e-06 -8.18115e-06 -4.81361e-06
22.5143 -8.01331e-06 -8.28217e-06 -4.69894e-06
22.5708 -8.02831e-06 -8.29403e-06 -4.66765e-06
22.6274 -8.04331e-06 -8.30589e-06 -4.63636e-06
22.684 -8.05831e-06 -8.31775e-06 -4.60507e-06
22.7406 -8.07331e-06 -8.32961e-06 -4.57378e-06
22.7971 -8.08831e-06 -8.34146e-06 -4.54249e-06
22.8537 -8.10331e-06 -8.35332e-06 -4.5112e-06
22.9103 -8.1202e-06 -8.36254e-06 -4.49015e-06
22.9668 -8.13776e-06 -8.37082e-06 -4.47275e-06
23.0234 -8.15532e-06 -8.3791e-06 -4.45535e-06
23.08 -8.17289e-06 -8.38739e-06 -4.43795e-06
23.1365 -8.19045e-06 -8.39567e-06 -4.42055e-06
23.1931 -8.20801e-06 -8.40395e-06 -4.40314e-06
23.2497 -8.22558e-06 -8.41223e-06 -4.38574e-06
23.3062 -8.24314e-06 -8.42051e-06 -4.36834e-06
23.3628 -8.2607e-06 -8.42879e-06 -4.35094e-06
23.4194 -8.27826e-06 -8.43707e-06 -4.33354e-06
23.4759 -8.29583e-06 -8.44535e-06 -4.31614e-06
23.5325 -8.31339e-06 -8.45363e-06 -4.29874e-06
23.5891 -8.33095e-06 -8.46191e-06 -4.28134e-06
23.6457 -8.34852e-06 -8.47019e-06 -4.26393e-06
23.7022 -8.36608e-06 -8.47848e-06 -4.24653e-06
23.7588 -8.38364e-06 -8.48676e-06 -4.22913e-06
23.8154 -8.4012e-06 -8.49504e-06 -4.21173e-06
23.8719 -8.41877e-06 -8.50332e-06 -4.19433e-06
23.9285 -8.43633e-06 -8.5116e-06 -4.17693e-06
23.9851 -8.45389e-06 -8.51988e-06 -4.15953e-06
24.0416 -8.47146e-06 -8.52816e-06 -4.14212e-06
24.0982 -8.48902e-06 -8.53644e-06 -4.12472e-06
24.1548 0 0 0
24.2113 0 0 0
24.2679 0 0 0
24.3245 0 0 0
24.381 0 0 0
24.4376 0 0 0
24.4942 0 0 0
24.5507 0 0 0
24.6073 0 0 0
24.6639 0 0 0
24.7205 0 0 0
24.777 0 0 0
24.8336 0 0 0
24.8902 0 0 0
24.9467 0 0 0
25.0033 0 0 0
25.0599 0 0 0
25.1164 0 0 0
25.173 0 0 0
25.2296 0 0 0
25.2861 0 0 0
25.3427 0 0 0
25.3993 0 0 0
25.4558 0 0 0
25.5124 0 0 0
25.569 0 0 0
25.6255 0 0 0
25.6821 0 0 0
25.7387 0 0 0
25.7953 0 0 0
25.8518 0 0 0
25.9084 0 0 0
25.965 0 0 0
26.0215 0 0 0
26.0781 0 0 0
26.1347 0 0 0
26.1912 0 0 0
26.2478 0 0 0
26.3044 0 0 0
26.3609 0 0 0
26.4175 0 0 0
26.4741 0 0 0
26.5306 0 0 0
26.5872 0 0 0
26.6438 0 0 0
26.7004 0 0 0
26.7569 0 0 0
26.8135 0 0 0
26.8701 0 0 0
26.9266 0 0 0
26.9832 0 0 0
27.0398 0 0 0
27.0963 0 0 0
27.1529 0 0 0
27.2095 0 0 0
27.266 0 0 0
27.3226 0 0 0
27.3792 0 0 0
27.4357 0 0 0
27.4923 0 0 0
27.5489 0 0 0
27.6054 0 0 0
27.662 0 0 0
27.7186 0 0 0
27.7752 0 0 0
27.8317 0 0 0
27.8883 0 0 0
27.9449 0 0 0
28.0014 0 0 0
28.058 0 0 0
28.1146 0 0 0
28.1711 0 0 0
28.2277 0 0 0
28.2843 0 0 0
